1.1.1:[]:[]:["2.2.1", "2.6.1", "2.6.2", "2.10.1", "2.15.1", "2.15.2", "3.27.1", "3.36.1", "3.40.1", "3.40.2", "3.45.1", "5.156.1", "5.156.2", "5.300.1", "5.325.1", "5.4875.1", "5.6500.1", "5.9750.1", "5.13000.1"]
3.27.1:[[2,0,0,1,2,2,0,1,2,0,2,1,2,2,1,0],[1,1,2,0,2,1,0,2,1,1,0,2,1,0,2,0]]:["1.1.1"]:["3.135.1","3.162.1","3.270.1","3.432.1"]
3.36.1:[[2,2,2,1,1,0,0,2,1,0,1,1,1,1,2,2],[0,0,2,0,0,0,0,2,1,0,0,0,0,1,1,0]]:["1.1.1"]:["3.72.1","3.72.2","3.216.1","3.216.2","3.360.1","3.540.1","3.540.2"]
3.40.1:[[2,1,0,0,0,2,0,0,2,0,1,1,2,0,0,1],[2,0,0,2,0,1,0,0,0,0,2,0,1,0,0,2]]:["1.1.1"]:["3.80.1","3.80.2","3.120.1","3.160.1","3.360.2"]
3.40.2:[[2,1,2,0,2,1,0,1,1,1,2,0,2,2,0,1],[0,1,1,2,2,1,2,1,0,0,0,1,0,0,2,2]]:["1.1.1"]:["3.80.3","3.80.4","3.120.2","3.160.1","3.1080.1"]
3.45.1:[[0,2,2,0,0,0,0,1,1,2,2,0,0,2,0,1],[0,2,2,1,2,1,2,2,0,0,0,1,0,2,0,2]]:["1.1.1"]:["3.90.1","3.90.2","3.135.1","3.135.2","3.720.1"]
3.72.1:[[1,1,2,1,1,1,1,2,0,1,0,2,1,0,2,0],[1,2,2,0,0,0,1,1,1,0,2,2,2,1,2,0]]:["3.36.1"]:["3.432.1","3.432.2","3.720.2","3.1080.2","3.1080.3"]
3.72.2:[[0,2,2,1,2,2,0,1,1,0,2,1,2,0,2,2],[2,0,0,1,0,2,1,0,0,2,0,0,2,0,0,0]]:["3.36.1"]:["3.432.3","3.432.4","3.720.3","3.1080.4","3.1080.5"]
3.80.1:[[1,2,1,2,1,0,1,0,2,2,0,0,2,2,1,2],[1,0,2,1,2,0,0,2,0,2,0,1,2,2,1,2]]:["3.40.1"]:["3.240.1","3.320.1","3.720.4"]
3.80.2:[[0,2,0,1,1,0,2,2,1,0,2,1,0,2,1,1],[0,2,2,0,1,0,0,1,2,0,0,0,0,2,1,0]]:["3.40.1"]:["3.240.2","3.320.2","3.720.5"]
3.80.3:[[1,2,0,1,0,1,1,1,0,2,1,1,1,2,0,0],[0,2,2,0,2,2,2,2,2,0,0,1,1,2,1,2]]:["3.40.2"]:["3.240.3","3.320.3","3.2160.1"]
3.80.4:[[0,2,2,0,2,2,2,2,1,0,0,0,2,0,2,0],[0,2,2,0,2,2,2,2,2,1,1,0,2,1,2,1]]:["3.40.2"]:["3.240.4","3.320.4","3.2160.2"]
3.90.1:[[1,0,0,0,0,2,1,0,1,2,2,0,2,2,1,2],[2,2,2,1,2,1,0,2,2,1,1,1,1,1,0,1],[2,0,0,0,0,0,1,0,1,2,0,0,2,0,2,2]]:["3.45.1"]:["3.270.2","3.270.3","3.270.4","3.360.2"]
3.90.2:[[1,2,1,0,0,2,0,2,1,0,2,2,2,0,2,1],[1,1,1,2,1,0,1,1,2,2,1,2,1,2,2,0]]:["3.45.1"]:["3.270.5","3.270.6","3.1440.1"]
3.120.1:[[1,0,0,0,0,2,0,0,1,1,2,0,0,2,0,1],[2,0,0,1,0,1,0,0,1,0,2,2,2,2,0,2],[1,2,0,2,0,1,0,0,0,2,1,1,2,1,0,2]]:["3.40.1"]:["3.240.1","3.240.2","3.240.5","3.240.6","3.240.7","3.240.8","3.1080.6"]
3.120.2:[[0,1,0,2,2,0,1,0,2,1,1,1,2,1,2,2],[1,1,0,1,2,0,2,0,1,0,0,1,0,0,2,0],[2,0,2,2,1,2,2,0,1,2,1,0,2,0,1,1]]:["3.40.2"]:["3.240.3","3.240.4","3.240.9","3.240.10","3.240.11","3.240.12","3.360.1","3.1080.7"]
3.135.1:[[0,0,2,1,2,2,2,1,2,2,0,1,1,0,0,2],[0,1,1,2,1,0,2,1,1,1,0,2,1,1,2,0]]:["3.27.1","3.45.1"]:["3.270.3","3.270.5","3.405.1","3.540.3"]
3.135.2:[[1,0,2,0,0,1,2,2,0,1,0,2,1,0,2,1],[2,0,0,0,0,1,2,0,1,2,0,0,1,2,1,1]]:["3.45.1"]:["3.270.4","3.270.6","3.405.1","3.540.1"]
3.160.1:[[0,0,1,1,2,1,0,2,1,2,0,2,0,1,2,2],[0,0,1,0,2,0,1,1,1,0,0,0,2,1,1,0],[0,2,2,2,2,0,2,0,0,0,0,2,0,0,2,0]]:["3.40.1","3.40.2"]:["3.320.1","3.320.2","3.320.3","3.320.4","3.320.5","3.320.6","3.480.1","3.480.2"]
3.162.1:[[1,1,1,0,1,2,1,1,2,2,1,1,1,0,2,0],[0,1,1,1,2,1,0,2,2,0,2,0,1,0,2,0]]:["3.27.1"]:["3.810.1","3.2592.1"]
3.216.1:[[1,1,0,2,2,1,2,2,1,0,0,2,2,0,2,1],[0,0,0,1,0,1,1,0,0,1,2,2,2,2,2,0]]:["3.36.1"]:["3.432.2","3.432.3","3.1080.8","3.1296.1","3.2160.3"]
3.216.2:[[0,2,2,2,1,0,1,1,2,2,1,0,1,1,0,2],[2,0,0,2,2,1,2,2,0,1,1,0,0,2,2,1]]:["3.36.1"]:["3.432.1","3.432.4","3.1080.2","3.1296.1","3.2160.4"]
3.240.1:[[2,1,1,0,2,1,0,2,0,2,0,1,1,0,2,0],[0,2,1,1,1,0,2,2,2,2,2,1,1,0,0,2]]:["3.80.1","3.120.1"]:["3.480.3","3.480.4","3.2160.5"]
3.240.2:[[1,1,1,1,0,0,2,1,0,2,0,2,0,0,0,2],[0,0,1,1,2,1,2,0,0,0,1,0,2,0,0,0]]:["3.80.2","3.120.1"]:["3.480.5","3.480.6","3.2160.6"]
3.240.3:[[0,2,1,1,0,2,1,0,2,0,1,0,1,0,0,0],[2,2,1,1,0,2,0,1,0,1,2,0,2,2,1,0],[1,2,2,2,2,2,0,2,0,2,2,0,0,2,2,1]]:["3.80.3","3.120.2"]:["3.480.7","3.480.8","3.720.6"]
3.240.4:[[0,1,0,1,2,2,2,0,0,2,0,0,1,1,0,1],[1,1,0,1,2,0,2,0,2,0,0,2,2,2,1,2]]:["3.80.4","3.120.2"]:["3.480.9","3.480.10","3.720.7","3.2160.7"]
3.240.5:[[2,1,0,0,2,2,1,1,2,1,2,2,0,1,2,0],[0,2,2,0,1,1,1,0,0,0,0,1,0,1,0,1],[2,0,0,1,2,2,1,1,2,2,2,1,1,0,2,0]]:["3.120.1"]:["3.480.1","3.480.3","3.480.5","3.480.11","3.2160.8"]
3.240.6:[[1,1,0,0,0,1,0,0,0,1,2,1,0,0,0,2],[2,2,0,2,0,2,0,0,2,1,1,1,1,0,0,2]]:["3.120.1"]:["3.480.4","3.480.5","3.2160.9"]
3.240.7:[[2,0,0,0,0,2,0,0,1,1,1,0,0,1,0,1],[1,0,0,2,0,2,0,0,2,0,2,1,2,1,0,2]]:["3.120.1"]:["3.480.3","3.480.6","3.2160.10"]
3.240.8:[[1,1,1,2,1,2,2,2,2,2,1,2,0,2,0,1],[2,2,0,0,0,2,2,1,1,0,0,0,2,0,1,0]]:["3.120.1"]:["3.480.4","3.480.6","3.2160.11"]
3.240.9:[[0,2,2,2,1,1,2,0,1,2,0,0,2,2,2,2],[1,2,1,1,1,1,1,0,1,2,0,0,0,2,1,1],[0,1,0,0,1,0,0,0,0,1,0,1,1,2,1,0]]:["3.120.2"]:["3.480.2","3.480.7","3.480.9","3.480.12","3.720.1","3.720.8"]
3.240.10:[[0,0,1,2,1,1,2,1,1,1,1,0,2,1,0,1],[0,2,1,0,0,0,0,2,2,2,1,1,0,0,1,2]]:["3.120.2"]:["3.480.8","3.480.10","3.720.9","3.2160.12"]
3.240.11:[[2,2,0,2,1,2,2,2,2,2,1,1,2,0,0,1],[1,1,2,1,1,1,1,2,0,2,2,2,2,0,2,2]]:["3.120.2"]:["3.480.7","3.480.10","3.720.3","3.2160.13"]
3.240.12:[[0,0,1,2,2,2,2,1,2,2,1,0,1,2,1,0],[1,0,0,1,1,1,1,1,0,1,2,0,1,2,1,2]]:["3.120.2"]:["3.480.8","3.480.9","3.720.2","3.2160.14"]
3.270.1:[[2,2,1,1,1,0,1,1,2,2,0,2,2,1,2,0],[2,1,1,2,0,1,2,1,0,0,2,2,0,0,0,1],[1,1,2,1,2,1,1,0,1,0,1,0,2,0,0,0]]:["3.27.1"]:["3.540.2","3.540.3","3.540.4","3.540.5","3.540.6","3.540.7","3.810.2","3.1080.7"]
3.270.2:[[1,1,1,2,1,0,1,1,0,0,1,2,2,2,1,1],[2,2,2,1,2,0,2,2,2,0,0,1,1,1,0,2]]:["3.90.1"]:["3.540.8","3.540.9","3.810.3","3.1080.6"]
3.270.3:[[0,0,2,2,0,0,0,1,1,2,1,1,0,2,2,1],[2,1,0,1,1,2,2,1,1,1,2,1,2,0,0,2]]:["3.90.1","3.135.1"]:["3.810.3","3.1080.9","3.1080.10"]
3.270.4:[[1,2,2,1,2,0,0,2,2,0,2,1,1,2,1,1],[0,2,2,1,2,0,1,2,2,2,0,1,2,0,2,2]]:["3.90.1","3.135.2"]:["3.810.3","3.1080.11","3.1080.12"]
3.270.5:[[1,2,0,0,1,1,2,2,1,1,0,0,2,1,2,1],[2,2,0,0,0,0,2,1,2,1,2,1,2,2,2,2]]:["3.90.2","3.135.1"]:["3.810.4","3.1080.13"]
3.270.6:[[1,1,1,2,0,0,2,1,1,2,2,2,2,2,1,0],[1,1,0,0,2,1,2,1,2,1,0,0,0,0,1,1]]:["3.90.2","3.135.2"]:["3.810.4","3.1080.14"]
3.320.1:[[2,1,2,2,1,0,0,1,1,0,2,0,2,1,1,2],[0,0,1,1,1,2,2,2,2,1,2,1,1,0,0,2]]:["3.80.1","3.160.1"]:["3.640.1","3.640.2","3.960.1","3.960.2"]
3.320.2:[[1,1,1,1,2,0,2,0,0,2,2,0,1,0,0,0],[0,2,0,1,0,2,0,0,2,1,1,0,1,0,0,0]]:["3.80.2","3.160.1"]:["3.640.3","3.640.4","3.960.3","3.960.4"]
3.320.3:[[0,2,1,1,1,2,0,1,1,1,1,1,1,1,2,0],[1,1,2,0,2,1,1,1,0,1,1,1,1,2,0,0]]:["3.80.3","3.160.1"]:["3.640.1","3.640.3","3.960.5","3.960.6"]
3.320.4:[[1,1,0,2,0,1,0,0,2,1,2,2,0,2,0,2],[0,1,0,1,2,1,2,0,0,0,0,2,0,0,1,1],[1,2,0,0,0,1,0,0,1,2,1,1,0,1,0,1]]:["3.80.4","3.160.1"]:["3.640.2","3.640.4","3.960.5","3.960.7","3.960.8"]
3.320.5:[[0,1,2,0,2,0,0,2,2,0,0,0,0,1,1,0],[2,1,0,0,1,2,2,2,2,2,2,2,2,2,1,0]]:["3.160.1"]:["3.640.1","3.640.4","3.960.1","3.960.9"]
3.320.6:[[0,0,1,1,2,1,0,2,1,2,0,2,0,1,2,2],[1,2,2,0,0,1,2,1,0,1,0,2,1,2,2,1]]:["3.160.1"]:["3.640.2","3.640.3","3.960.3","3.960.9"]
3.360.1:[[2,1,0,1,1,0,2,1,0,1,0,0,1,0,0,1],[1,0,1,2,2,1,1,2,1,2,0,1,0,0,1,1],[2,2,2,2,0,0,1,2,1,2,2,1,1,1,0,0]]:["3.36.1","3.120.2"]:["3.720.2","3.720.3","3.720.6","3.720.7","3.720.8","3.720.9","3.3240.1"]
3.360.2:[[0,2,1,1,1,1,1,0,1,0,2,0,1,2,1,1],[2,1,0,0,2,1,1,1,1,1,0,0,1,0,2,1],[2,0,1,2,2,2,2,0,1,2,1,2,0,2,0,2]]:["3.40.1","3.90.1"]:["3.720.4","3.720.5","3.1080.6","3.1080.9","3.1080.11","3.1080.15","3.1440.2"]
3.405.1:[[1,1,2,0,2,1,1,1,1,1,1,1,0,2,2,0],[2,2,2,2,2,1,1,2,0,0,2,1,0,0,1,1],[0,1,1,2,1,0,2,1,1,1,0,2,1,1,2,0]]:["3.135.1","3.135.2"]:["3.810.1","3.810.2","3.810.3","3.810.4","3.810.5","3.810.6"]
3.432.1:[[1,1,2,2,2,1,1,2,1,1,0,1,1,0,0,1],[1,2,1,2,2,1,1,0,0,2,0,2,0,2,0,1]]:["3.27.1","3.72.1","3.216.2"]:["3.2160.15","3.2592.1","3.4320.1"]
3.432.2:[[0,1,1,1,2,2,1,1,1,1,2,0,0,1,0,2],[1,1,1,0,2,0,0,0,0,0,2,1,1,1,0,0]]:["3.72.1","3.216.1"]:["3.2160.16","3.2592.1","3.4320.2"]
3.432.3:[[2,1,1,1,1,1,1,2,2,1,2,2,2,0,1,0],[0,1,2,1,1,1,0,1,0,1,2,2,1,2,0,1]]:["3.72.2","3.216.1"]:["3.2160.17","3.2592.2","3.4320.3"]
3.432.4:[[0,1,0,1,1,0,1,0,1,1,1,2,1,1,2,1],[1,0,0,1,2,2,1,2,0,2,2,0,2,2,2,1]]:["3.72.2","3.216.2"]:["3.2160.18","3.2592.2","3.4320.4"]
3.480.1:[[1,1,1,1,1,0,0,1,1,2,0,0,2,0,2,2],[1,1,1,2,2,1,0,2,0,1,0,1,2,0,2,1],[2,1,1,0,2,1,0,2,1,0,1,1,0,2,2,2]]:["3.160.1","3.240.5"]:["3.960.2","3.960.4","3.960.5","3.960.9","3.1440.3"]
3.480.2:[[2,2,0,0,0,1,2,1,1,0,0,0,2,1,1,0],[0,0,1,0,2,0,1,1,1,0,2,1,0,2,1,1],[1,1,1,2,2,1,0,2,0,1,1,0,1,2,2,0]]:["3.160.1","3.240.9"]:["3.960.1","3.960.3","3.960.6","3.960.8","3.1440.2","3.1440.3","3.1440.4","3.1440.5"]
3.480.3:[[1,2,0,0,0,1,0,0,0,1,2,2,1,2,0,2],[2,2,1,0,0,0,1,2,0,2,1,0,2,2,1,2]]:["3.240.1","3.240.5","3.240.7"]:["3.960.2","3.4320.5"]
3.480.4:[[1,0,1,2,2,2,2,0,1,0,0,2,1,2,0,2],[1,0,1,2,1,0,2,2,1,1,2,0,0,2,0,1]]:["3.240.1","3.240.6","3.240.8"]:["3.4320.6"]
3.480.5:[[2,2,2,1,0,0,2,1,0,2,2,0,2,2,2,2],[2,2,0,0,0,2,0,0,1,2,1,2,2,0,0,1]]:["3.240.2","3.240.5","3.240.6"]:["3.960.4","3.4320.7"]
3.480.6:[[1,2,0,2,1,0,1,0,0,2,1,1,2,2,2,2],[0,0,0,1,0,2,1,2,0,0,1,1,1,2,2,1]]:["3.240.2","3.240.7","3.240.8"]:["3.4320.8"]
3.480.7:[[0,1,1,0,1,1,1,1,2,1,1,0,2,0,1,1],[1,2,0,2,0,0,2,2,0,2,1,1,1,2,0,1],[0,1,1,2,1,0,2,1,1,0,2,2,0,1,2,2]]:["3.240.3","3.240.9","3.240.11"]:["3.960.6","3.960.10","3.1440.6","3.1440.7","3.1440.8"]
3.480.8:[[0,2,1,1,0,0,0,1,2,0,1,0,0,1,1,2],[0,0,1,1,1,2,1,0,0,0,0,2,0,1,0,1]]:["3.240.3","3.240.10","3.240.12"]:["3.960.10","3.1440.9","3.1440.10"]
3.480.9:[[1,2,0,0,1,0,0,0,2,1,2,2,2,0,1,0],[2,0,1,1,2,0,0,1,2,2,1,2,0,1,2,0]]:["3.240.4","3.240.9","3.240.12"]:["3.960.8","3.1440.11","3.1440.12"]
3.480.10:[[1,0,0,1,0,2,2,0,2,2,0,2,0,1,1,2],[1,1,0,2,2,1,1,0,1,2,0,2,1,1,1,0]]:["3.240.4","3.240.10","3.240.11"]:["3.1440.13","3.4320.9"]
3.480.11:[[0,2,0,2,2,2,2,0,1,1,1,1,0,1,1,0],[2,1,2,1,1,2,0,1,1,1,0,0,1,1,1,2]]:["3.240.5"]:["3.960.2","3.960.4","3.4320.10"]
3.480.12:[[0,1,0,1,1,2,1,1,0,2,0,0,2,2,0,1],[2,1,0,2,0,2,2,2,0,2,0,0,1,2,0,2]]:["3.240.9"]:["3.960.8","3.960.10","3.1440.1","3.1440.14","3.1440.15"]
3.540.1:[[1,1,2,0,1,0,0,0,0,2,2,2,0,1,1,0],[1,2,0,1,0,1,0,0,0,1,1,1,2,1,0,0],[0,2,0,0,0,1,0,2,1,0,0,2,1,2,2,2]]:["3.36.1","3.135.2"]:["3.1080.1","3.1080.3","3.1080.4","3.1080.8","3.1080.12","3.1080.14","3.1620.1","3.2160.3"]
3.540.2:[[1,0,2,0,1,0,1,0,2,1,0,2,0,2,2,2],[2,2,1,2,1,0,0,1,2,1,0,1,1,2,2,1],[1,1,2,0,2,0,1,2,1,1,0,2,0,1,1,2]]:["3.36.1","3.270.1"]:["3.1080.2","3.1080.5","3.1080.16","3.1080.17","3.1620.1","3.2160.4"]
3.540.3:[[1,0,1,1,2,2,2,1,0,0,1,0,0,0,1,2],[0,1,2,0,1,0,0,0,2,0,0,1,0,1,0,0],[1,1,0,0,0,0,1,2,1,2,1,2,1,1,1,1]]:["3.135.1","3.270.1"]:["3.1080.10","3.1080.13","3.1080.16","3.1080.18","3.1620.2","3.2160.19"]
3.540.4:[[2,0,0,0,1,1,1,0,0,0,2,0,0,0,2,1],[0,1,0,2,2,1,1,1,0,1,0,1,2,2,2,1]]:["3.270.1"]:["3.1080.17","3.1080.18","3.1620.3","3.2160.14"]
3.540.5:[[2,2,1,1,1,2,0,0,2,1,2,1,2,2,0,0],[0,2,0,1,2,0,1,1,0,2,0,2,2,1,2,0]]:["3.270.1"]:["3.1080.17","3.1080.19","3.1620.2","3.2160.12"]
3.540.6:[[0,2,2,0,2,2,2,2,2,2,2,0,0,0,1,2],[2,2,1,0,1,2,2,2,2,2,2,2,0,1,1,0]]:["3.270.1"]:["3.1080.16","3.1080.19","3.1620.4","3.2160.13"]
3.540.7:[[0,1,2,0,2,1,2,2,0,1,2,2,2,0,1,0],[0,2,2,2,1,2,0,1,1,0,1,1,2,2,2,1]]:["3.270.1"]:["3.1080.18","3.1080.19","3.1620.5","3.2160.7"]
3.540.8:[[0,1,1,2,0,1,1,1,2,1,2,2,1,0,1,2],[1,2,2,1,2,2,2,2,0,0,1,1,1,2,0,0]]:["3.270.2"]:["3.1080.15","3.1620.6","3.2160.8"]
3.540.9:[[0,1,1,2,2,2,0,1,0,2,2,2,1,1,2,0],[0,1,1,2,1,1,0,1,1,2,1,2,1,1,2,2]]:["3.270.2"]:["3.1620.7","3.2160.11"]
3.640.1:[[1,0,0,0,1,2,1,0,2,2,0,0,2,2,2,1],[2,0,2,2,0,1,2,1,2,0,1,2,0,1,2,2]]:["3.320.1","3.320.3","3.320.5"]:["3.1920.1","3.1920.2"]
3.640.2:[[2,2,0,1,0,2,1,2,1,2,0,2,0,1,2,2],[1,2,0,0,0,2,0,0,1,1,1,1,1,1,0,2],[0,0,2,0,1,0,2,2,2,0,0,0,1,2,2,0]]:["3.320.1","3.320.4","3.320.6"]:["3.1920.1","3.1920.3","3.1920.4"]
3.640.3:[[1,1,0,2,0,2,1,2,2,0,0,1,0,1,2,0],[1,0,0,0,2,0,2,0,1,1,2,0,1,1,1,1]]:["3.320.2","3.320.3","3.320.6"]:["3.1920.5","3.1920.6"]
3.640.4:[[1,0,0,2,2,0,1,1,1,1,1,2,1,1,2,1],[0,2,0,1,1,2,2,2,0,0,0,2,0,0,1,1],[1,2,2,1,0,1,2,1,1,2,0,2,0,1,2,2]]:["3.320.2","3.320.4","3.320.5"]:["3.1920.3","3.1920.5","3.1920.7"]
3.720.1:[[1,0,2,2,1,0,0,2,2,2,1,2,2,1,0,1],[0,1,0,0,1,0,0,0,0,2,0,2,2,0,2,0],[2,0,0,0,0,2,0,0,1,1,1,0,2,1,0,1]]:["3.45.1","3.240.9"]:["3.1440.1","3.1440.2","3.1440.4","3.1440.6","3.1440.11","3.1440.14","3.2160.3","3.2160.19"]
3.720.2:[[0,1,1,1,1,2,0,2,2,1,0,2,0,0,1,1],[1,1,2,0,1,0,2,1,2,0,2,1,0,0,2,0]]:["3.72.1","3.240.12","3.360.1"]:["3.1440.9","3.1440.12","3.6480.1"]
3.720.3:[[1,0,1,0,2,1,2,1,1,0,0,0,2,1,1,0],[0,0,1,0,0,0,2,2,1,0,2,0,1,2,2,1]]:["3.72.2","3.240.11","3.360.1"]:["3.1440.7","3.1440.13","3.6480.2"]
3.720.4:[[1,1,0,0,0,1,0,0,2,2,1,2,0,2,0,1],[1,0,0,0,1,0,1,0,1,2,2,0,2,1,2,1],[1,1,0,0,0,1,1,2,2,2,2,1,1,0,2,0]]:["3.80.1","3.360.2"]:["3.2160.5","3.2160.20","3.2160.21","3.2160.22","3.2880.1"]
3.720.5:[[2,2,0,0,0,2,2,1,1,1,1,2,2,0,1,0],[2,1,2,1,1,0,1,0,1,1,0,0,1,0,0,0],[0,1,1,0,1,2,2,2,2,1,1,0,0,1,0,2]]:["3.80.2","3.360.2"]:["3.2160.6","3.2160.20","3.2160.23","3.2160.24","3.2880.2"]
3.720.6:[[1,1,0,2,1,0,2,0,1,2,0,2,0,1,2,2],[0,0,2,2,0,0,0,2,2,1,0,0,0,2,0,0],[0,2,0,0,1,1,0,1,1,0,0,2,1,0,2,2]]:["3.240.3","3.360.1"]:["3.1440.7","3.1440.8","3.1440.9","3.1440.10","3.2160.4"]
3.720.7:[[1,2,1,1,1,1,2,1,0,0,1,1,0,0,2,1],[0,0,2,0,0,0,1,2,1,0,0,0,1,1,0,0]]:["3.240.4","3.360.1"]:["3.1440.12","3.1440.13","3.6480.3"]
3.720.8:[[1,0,0,0,1,2,0,0,2,0,2,0,0,1,1,1],[2,1,1,2,0,1,2,1,2,2,2,2,2,2,0,1],[2,2,1,2,0,2,2,2,0,2,0,1,1,1,2,2]]:["3.240.9","3.360.1"]:["3.1440.5","3.1440.7","3.1440.12","3.1440.15","3.2160.3"]
3.720.9:[[2,1,2,2,0,2,1,0,1,2,2,2,2,2,1,0],[0,2,1,0,2,0,0,2,0,0,0,2,0,0,2,0]]:["3.240.10","3.360.1"]:["3.1440.9","3.1440.13","3.6480.4"]
3.810.1:[[2,0,0,0,2,1,0,0,1,0,1,0,0,2,2,2],[1,0,1,1,1,1,2,2,1,1,1,2,2,0,0,1]]:["3.162.1","3.405.1"]:["3.1620.8","3.1620.9"]
3.810.2:[[1,1,1,2,2,1,1,1,0,2,0,2,0,2,0,1],[0,0,0,1,0,2,0,0,0,0,1,0,1,0,0,0],[0,0,0,2,0,0,1,0,0,2,0,0,1,0,0,0],[1,0,0,0,1,0,1,0,2,1,0,0,0,2,2,2]]:["3.270.1","3.405.1"]:["3.1620.1","3.1620.2","3.1620.3","3.1620.4","3.1620.5","3.1620.10","3.1620.11","3.1620.12"]
3.810.3:[[2,0,2,2,1,2,1,0,0,2,2,2,1,2,0,2],[2,0,2,2,2,2,1,1,2,2,2,1,1,0,0,2],[1,2,0,0,0,1,1,1,1,0,0,0,1,0,1,0]]:["3.270.2","3.270.3","3.270.4","3.405.1"]:["3.1620.6","3.1620.7","3.1620.8","3.1620.11"]
3.810.4:[[0,2,1,0,2,0,0,2,1,0,0,2,0,2,2,0],[2,2,1,2,1,2,1,1,2,0,2,0,1,0,2,0],[2,2,0,1,2,2,1,0,0,1,1,2,1,0,2,1]]:["3.270.5","3.270.6","3.405.1"]:["3.1620.9","3.1620.12"]
3.810.5:[[1,0,0,2,1,1,2,2,2,2,2,1,2,0,2,2],[2,0,2,2,2,2,1,1,2,2,2,1,1,0,0,2]]:["3.405.1"]:["3.1620.8","3.1620.12"]
3.810.6:[[2,0,0,0,2,0,2,0,1,2,0,0,0,1,1,1],[1,0,1,1,2,2,2,1,2,2,1,1,1,0,0,2]]:["3.405.1"]:["3.1620.9","3.1620.11"]
3.960.1:[[0,2,0,2,1,2,1,0,0,0,0,1,0,0,2,2],[1,0,2,1,1,2,2,2,0,0,1,0,0,0,2,2],[2,2,0,0,0,1,2,1,1,0,2,1,0,2,1,1]]:["3.320.1","3.320.5","3.480.2"]:["3.1920.2","3.1920.3","3.2880.1","3.2880.3","3.2880.4","3.2880.5","3.2880.6"]
3.960.2:[[0,2,2,0,1,0,0,1,0,2,2,2,1,0,1,1],[1,2,0,0,0,2,0,0,0,0,2,2,0,0,0,1]]:["3.320.1","3.480.1","3.480.3","3.480.11"]:["3.1920.1","3.2880.3"]
3.960.3:[[0,0,2,2,1,2,2,2,2,1,0,1,1,0,2,1],[2,2,2,1,1,2,0,1,0,2,2,0,2,1,1,0],[0,0,2,0,1,0,1,0,2,0,1,2,1,2,0,2]]:["3.320.2","3.320.6","3.480.2"]:["3.1920.3","3.1920.6","3.2880.2","3.2880.7","3.2880.8","3.2880.9","3.2880.10"]
3.960.4:[[0,2,2,2,2,1,0,2,0,2,2,0,2,1,1,0],[0,0,2,0,1,0,0,1,2,0,0,0,0,1,1,0]]:["3.320.2","3.480.1","3.480.5","3.480.11"]:["3.1920.5","3.2880.7"]
3.960.5:[[1,2,2,1,1,0,0,1,0,0,2,2,0,0,1,0],[0,0,2,2,1,2,0,1,2,1,0,1,0,2,1,1]]:["3.320.3","3.320.4","3.480.1"]:["3.1920.1","3.1920.5","3.2880.11","3.2880.12"]
3.960.6:[[0,1,1,0,2,1,1,1,2,2,2,2,2,2,1,0],[0,2,1,1,1,2,0,1,1,1,1,1,1,1,2,0],[0,2,2,0,0,1,1,2,2,2,2,1,2,2,0,0],[2,0,1,2,2,1,1,1,0,0,2,0,0,0,1,1]]:["3.320.3","3.480.2","3.480.7"]:["3.1920.2","3.1920.6","3.2880.11","3.2880.13","3.2880.14"]
3.960.7:[[2,1,1,2,1,2,1,0,1,1,0,0,1,1,1,2],[0,0,0,1,0,2,2,1,0,1,0,2,2,0,1,0]]:["3.320.4"]:["3.1920.4","3.1920.7","3.2880.12","3.2880.15"]
3.960.8:[[2,2,1,0,2,1,2,0,2,0,1,2,1,2,0,2],[1,1,2,1,1,0,2,2,1,2,0,2,0,1,2,2],[0,1,1,0,2,1,1,1,0,0,0,2,0,0,1,1]]:["3.320.4","3.480.2","3.480.9","3.480.12"]:["3.1920.3","3.2880.12","3.2880.16","3.2880.17","3.2880.18"]
3.960.9:[[1,0,1,1,2,0,0,2,2,2,0,1,2,2,2,2],[1,2,1,2,1,2,0,1,2,0,1,2,0,1,2,2]]:["3.320.5","3.320.6","3.480.1"]:["3.1920.1","3.1920.5","3.2880.4","3.2880.8"]
3.960.10:[[0,0,1,2,2,2,2,1,0,0,2,0,1,0,1,1],[1,1,1,1,0,1,1,0,1,1,0,2,2,0,0,1]]:["3.480.7","3.480.8","3.480.12"]:["3.2880.19","3.2880.20","3.2880.21"]
3.1080.1:[[1,1,2,0,2,0,0,0,2,0,2,1,1,1,1,0],[0,2,0,0,1,2,0,1,1,0,0,2,2,2,2,1]]:["3.40.2","3.540.1"]:["3.2160.1","3.2160.2","3.3240.1","3.4320.11"]
3.1080.2:[[0,2,2,2,2,0,2,0,2,1,0,2,1,0,2,0],[0,1,1,0,1,1,1,1,1,1,1,0,0,0,2,1]]:["3.72.1","3.216.2","3.540.2"]:["3.2160.15","3.2160.18","3.3240.2","3.4320.1"]
3.1080.3:[[2,0,1,0,1,2,0,1,0,0,1,0,1,0,0,1],[2,1,1,0,2,1,0,2,2,2,1,2,2,0,0,2]]:["3.72.1","3.540.1"]:["3.2160.1","3.2160.16","3.3240.2","3.4320.2"]
3.1080.4:[[1,2,2,0,1,0,0,0,1,1,2,1,0,2,1,0],[2,0,0,0,1,1,2,0,0,0,2,0,1,0,2,1]]:["3.72.2","3.540.1"]:["3.2160.2","3.2160.17","3.3240.3","3.4320.3"]
3.1080.5:[[0,2,2,2,1,2,0,1,1,0,1,0,2,0,1,0],[0,2,2,1,2,1,2,2,2,0,1,1,2,2,1,2]]:["3.72.2","3.540.2"]:["3.2160.18","3.2160.25","3.3240.3","3.4320.4"]
3.1080.6:[[0,1,1,1,0,1,1,2,1,1,2,0,2,0,1,2],[0,0,0,2,0,2,0,0,0,1,1,0,2,0,0,0],[0,1,1,0,0,1,1,2,1,0,0,0,2,0,1,0]]:["3.120.1","3.270.2","3.360.2"]:["3.2160.5","3.2160.6","3.2160.8","3.2160.9","3.2160.10","3.2160.11","3.3240.4"]
3.1080.7:[[0,2,2,2,2,0,2,1,2,1,0,0,1,1,0,0],[1,1,2,0,2,0,2,1,1,0,2,1,1,1,0,0],[2,2,0,0,1,0,2,1,1,0,1,2,1,1,2,0]]:["3.120.2","3.270.1"]:["3.2160.4","3.2160.7","3.2160.12","3.2160.13","3.2160.14","3.2160.19","3.3240.1"]
3.1080.8:[[1,1,1,0,1,0,1,2,0,0,2,1,2,2,0,0],[1,1,2,2,1,0,1,1,0,0,1,2,2,2,0,1]]:["3.216.1","3.540.1"]:["3.2160.16","3.2160.17","3.3240.5","3.4320.12"]
3.1080.9:[[2,2,0,1,0,0,2,1,1,0,2,0,0,0,1,0],[1,0,0,2,0,2,0,0,0,1,2,0,1,0,0,0]]:["3.270.3","3.360.2"]:["3.2160.21","3.2160.23","3.3240.4","3.4320.13"]
3.1080.10:[[2,2,1,0,1,2,1,0,2,0,1,2,1,0,1,1],[2,2,1,1,1,0,1,1,2,0,0,1,2,2,2,1]]:["3.270.3","3.540.3"]:["3.2160.25","3.2160.26","3.3240.6","3.4320.13"]
3.1080.11:[[2,0,0,1,1,0,2,2,1,2,0,2,2,2,1,2],[1,0,2,0,0,1,1,2,1,0,0,0,1,1,0,0]]:["3.270.4","3.360.2"]:["3.2160.22","3.2160.24","3.3240.4","3.4320.14"]
3.1080.12:[[1,2,0,1,0,1,0,0,0,1,1,1,2,1,0,0],[2,1,0,2,2,1,1,0,1,0,1,2,1,1,1,0]]:["3.270.4","3.540.1"]:["3.2160.2","3.2160.16","3.3240.7","3.4320.14"]
3.1080.13:[[1,1,2,0,2,2,0,1,1,0,2,1,0,2,2,1],[2,2,0,0,0,0,2,1,2,1,2,1,2,2,2,2]]:["3.270.5","3.540.3"]:["3.2160.15","3.2160.26","3.3240.8","3.4320.15"]
3.1080.14:[[1,1,2,0,1,1,0,2,2,0,2,1,2,1,2,2],[0,2,0,1,1,1,2,0,1,1,2,1,0,1,2,0]]:["3.270.6","3.540.1"]:["3.2160.1","3.2160.17","3.3240.9","3.4320.16"]
3.1080.15:[[0,0,0,1,0,2,2,1,0,0,1,1,1,2,1,2],[1,0,0,0,1,1,1,0,1,0,2,0,0,1,2,2]]:["3.360.2","3.540.8"]:["3.2160.20","3.3240.4","3.4320.17"]
3.1080.16:[[1,1,2,1,2,1,2,2,1,0,1,0,2,0,1,0],[0,2,0,2,2,1,2,0,2,1,2,1,0,2,1,0]]:["3.540.2","3.540.3","3.540.6"]:["3.2160.15","3.2160.25","3.3240.10","3.4320.18"]
3.1080.17:[[0,0,0,1,0,1,2,2,0,2,0,2,1,1,1,2],[0,0,2,1,1,1,0,2,0,0,2,0,1,0,2,0]]:["3.540.2","3.540.4","3.540.5"]:["3.2160.18","3.3240.11","3.4320.19"]
3.1080.18:[[0,1,1,1,2,1,0,0,2,0,2,0,1,0,0,0],[1,0,0,1,1,1,2,1,2,0,1,2,2,2,0,0]]:["3.540.3","3.540.4","3.540.7"]:["3.2160.26","3.3240.12","3.4320.20"]
3.1080.19:[[0,0,2,1,0,0,1,0,1,1,1,0,1,0,0,0],[2,2,1,1,1,1,0,1,2,0,2,2,1,2,1,0]]:["3.540.5","3.540.6","3.540.7"]:["3.3240.13","3.4320.9"]
3.1296.1:[[0,2,0,0,2,2,0,0,1,0,0,2,2,0,2,1],[2,2,1,1,0,1,1,1,0,0,2,1,0,0,0,1]]:["3.216.1","3.216.2"]:["3.2592.1","3.2592.2","3.6480.5"]
3.1440.1:[[2,0,1,2,2,1,2,1,1,1,2,0,1,1,1,1],[0,2,2,2,1,1,2,0,2,2,1,2,0,2,0,1]]:["3.90.2","3.480.12","3.720.1"]:["3.2880.16","3.2880.19","3.4320.15","3.4320.16"]
3.1440.2:[[1,1,2,1,1,0,1,0,1,2,2,0,2,0,0,0],[2,0,1,2,2,1,1,1,1,1,0,0,1,1,1,2],[1,0,2,1,0,1,1,2,1,1,2,0,1,1,0,2]]:["3.360.2","3.480.2","3.720.1"]:["3.2880.1","3.2880.2","3.2880.13","3.2880.17","3.4320.13","3.4320.14","3.4320.17"]
3.1440.3:[[1,1,1,2,2,1,0,2,0,1,0,1,2,0,2,1],[0,1,0,1,0,2,0,0,1,1,1,2,1,1,0,0],[0,1,2,2,1,0,2,2,1,1,1,2,1,1,2,1]]:["3.480.1","3.480.2"]:["3.2880.3","3.2880.4","3.2880.7","3.2880.8","3.2880.11","3.2880.12","3.4320.11","3.4320.17"]
3.1440.4:[[0,0,2,0,1,0,1,0,2,0,2,1,0,1,0,1],[0,0,1,0,2,0,0,2,1,0,0,0,0,2,2,0],[1,1,1,2,2,1,1,1,0,1,2,2,2,0,1,2]]:["3.480.2","3.720.1"]:["3.2880.5","3.2880.9","3.2880.13","3.2880.16","3.4320.11","3.4320.13"]
3.1440.5:[[0,2,2,1,2,1,2,2,1,0,2,1,1,1,1,0],[0,2,1,0,2,1,2,1,0,1,2,1,1,0,1,0],[0,0,2,2,2,1,1,0,1,2,1,1,2,2,0,1]]:["3.480.2","3.720.8"]:["3.2880.6","3.2880.10","3.2880.14","3.2880.18","3.4320.11","3.4320.14"]
3.1440.6:[[2,2,2,2,2,0,0,2,0,1,2,2,2,1,0,2],[1,0,0,1,1,1,1,1,2,0,2,2,0,2,0,2]]:["3.480.7","3.720.1"]:["3.2880.13","3.2880.19","3.4320.3","3.4320.18"]
3.1440.7:[[2,0,1,0,2,2,0,1,1,0,1,0,1,1,1,1],[2,0,0,0,2,1,0,0,0,0,2,0,2,0,1,1],[1,0,2,0,1,2,0,1,2,0,2,0,1,1,0,1]]:["3.480.7","3.720.3","3.720.6","3.720.8"]:["3.2880.14","3.2880.20","3.4320.3","3.4320.4"]
3.1440.8:[[0,2,2,1,2,1,2,2,1,0,2,1,1,1,1,0],[2,1,1,0,0,1,1,0,2,0,1,1,1,0,0,2]]:["3.480.7","3.720.6"]:["3.2880.14","3.2880.21","3.4320.4","3.4320.18"]
3.1440.9:[[1,2,1,1,0,1,2,0,2,1,1,1,1,1,2,0],[0,2,1,2,2,1,1,1,0,2,1,0,2,0,0,1]]:["3.480.8","3.720.2","3.720.6","3.720.9"]:["3.2880.21","3.4320.1"]
3.1440.10:[[0,1,2,2,1,2,0,0,0,0,0,2,0,1,1,1],[1,2,0,0,0,2,1,1,0,0,2,2,1,2,0,1]]:["3.480.8","3.720.6"]:["3.2880.20","3.2880.21","3.4320.1","3.4320.19"]
3.1440.11:[[2,1,2,2,0,2,0,2,1,2,0,0,2,2,2,2],[1,1,2,1,0,0,1,2,2,0,1,1,1,1,1,1]]:["3.480.9","3.720.1"]:["3.2880.16","3.2880.17","3.4320.2","3.4320.20"]
3.1440.12:[[2,0,0,1,1,2,1,2,1,1,0,2,2,2,2,2],[0,0,1,2,2,2,0,1,1,1,1,0,2,1,1,0]]:["3.480.9","3.720.2","3.720.7","3.720.8"]:["3.2880.18","3.4320.2"]
3.1440.13:[[0,0,2,0,2,0,2,2,2,0,1,0,2,2,1,1],[0,0,1,0,2,0,0,1,1,0,2,0,1,1,1,2]]:["3.480.10","3.720.3","3.720.7","3.720.9"]:["3.12960.1"]
3.1440.14:[[2,0,1,2,2,1,2,1,2,2,2,0,2,2,1,1],[2,2,2,0,0,1,0,1,0,0,2,1,1,1,1,1]]:["3.480.12","3.720.1"]:["3.2880.17","3.2880.19","3.4320.12","3.4320.15"]
3.1440.15:[[1,0,2,2,2,1,0,0,0,2,0,1,2,2,1,1],[2,1,1,1,2,0,1,2,2,1,2,2,2,0,0,2]]:["3.480.12","3.720.8"]:["3.2880.18","3.2880.20","3.4320.12","3.4320.16"]
3.1620.1:[[0,2,2,1,2,0,1,2,2,2,0,1,2,2,1,0],[0,2,1,0,2,0,0,1,1,0,0,1,0,1,1,0],[0,2,2,0,1,2,2,2,1,1,1,1,1,1,2,0],[0,1,2,0,2,1,2,2,1,2,1,2,0,1,1,2]]:["3.540.1","3.540.2","3.810.2"]:["3.3240.1","3.3240.2","3.3240.3","3.3240.5","3.3240.7","3.3240.9","3.3240.10","3.3240.11","3.3240.14","3.3240.15"]
3.1620.2:[[0,2,2,2,2,0,2,2,2,1,0,1,1,2,1,0],[0,2,2,1,1,1,0,2,1,0,2,1,1,1,2,0],[0,1,0,2,0,2,0,2,1,2,2,2,1,1,1,2],[1,2,1,0,0,2,0,2,0,0,2,2,0,0,0,1]]:["3.540.3","3.540.5","3.810.2"]:["3.3240.6","3.3240.8","3.3240.10","3.3240.11","3.3240.12","3.3240.13"]
3.1620.3:[[0,0,1,2,0,0,2,0,1,1,0,2,1,0,2,0],[1,1,2,2,2,0,2,2,1,0,0,2,1,1,1,2],[0,2,2,0,2,2,2,2,2,1,1,1,2,2,1,0]]:["3.540.4","3.810.2"]:["3.3240.11","3.3240.12","3.3240.14","3.3240.16","3.3240.17","3.3240.18"]
3.1620.4:[[0,0,0,2,0,1,0,0,0,0,2,0,2,0,0,0],[2,0,1,0,0,0,2,0,2,2,0,1,0,0,2,1],[1,2,1,0,0,2,0,2,0,0,2,2,0,0,0,1]]:["3.540.6","3.810.2"]:["3.3240.10","3.3240.13","3.3240.15","3.3240.16","3.3240.19","3.3240.20"]
3.1620.5:[[0,0,1,2,2,2,0,1,0,0,1,0,2,0,1,0],[1,0,2,0,1,0,1,0,1,2,1,1,1,1,2,1],[0,2,1,0,2,0,0,1,1,0,0,1,0,1,1,0]]:["3.540.7","3.810.2"]:["3.3240.7","3.3240.12","3.3240.13","3.3240.17","3.3240.19","3.3240.21"]
3.1620.6:[[0,1,0,1,0,0,0,2,2,1,2,0,0,0,2,2],[1,0,0,0,1,0,1,0,2,1,0,0,0,2,2,2],[0,2,2,1,1,2,1,2,1,2,1,1,0,1,2,0]]:["3.540.8","3.810.3"]:["3.3240.4","3.3240.18","3.3240.22","3.3240.23"]
3.1620.7:[[0,0,2,2,1,2,1,0,0,0,0,2,0,2,0,2],[2,0,1,0,0,0,2,0,2,2,0,1,0,0,2,1]]:["3.540.9","3.810.3"]:["3.3240.20","3.3240.23"]
3.1620.8:[[2,1,0,0,0,2,2,2,2,0,0,0,2,0,2,0],[2,1,1,2,1,1,1,1,0,0,2,2,0,0,2,1]]:["3.810.1","3.810.3","3.810.5"]:["3.3240.23"]
3.1620.9:[[2,2,0,0,2,1,0,0,2,1,2,1,2,2,1,1],[1,0,0,2,0,2,2,0,0,1,2,0,1,0,0,1]]:["3.810.1","3.810.4","3.810.6"]:["3.3240.21"]
3.1620.10:[[1,1,0,0,1,2,0,0,1,2,1,2,1,1,2,2],[1,1,2,2,2,0,0,1,1,0,1,1,2,2,2,1],[2,0,1,0,0,0,2,0,2,2,0,1,0,0,2,1]]:["3.810.2"]:["3.3240.6","3.3240.8","3.3240.14","3.3240.15","3.3240.17","3.3240.19"]
3.1620.11:[[1,2,1,0,0,0,1,1,0,1,0,1,0,0,0,2],[0,0,1,2,2,2,0,1,0,0,1,0,2,0,1,0],[1,0,2,0,0,0,1,0,1,1,0,2,0,0,1,2]]:["3.810.2","3.810.3","3.810.6"]:["3.3240.6","3.3240.7","3.3240.18","3.3240.20"]
3.1620.12:[[2,2,1,0,1,0,2,1,2,2,0,1,0,2,2,1],[1,0,0,0,0,0,2,0,0,2,0,0,0,0,0,2],[1,1,2,2,2,1,2,1,1,2,0,0,2,2,0,0]]:["3.810.2","3.810.4","3.810.5"]:["3.3240.8","3.3240.9","3.3240.16","3.3240.21"]
3.1920.1:[[0,2,2,0,1,0,0,1,0,2,2,2,1,0,1,1],[2,0,0,1,0,1,0,0,0,1,1,0,2,0,0,0]]:["3.640.1","3.640.2","3.960.2","3.960.5","3.960.9"]:["3.5760.1","3.5760.2"]
3.1920.2:[[2,1,2,2,0,1,1,2,0,0,2,2,0,0,0,1],[2,1,1,0,0,1,2,1,0,0,2,2,0,0,0,1],[2,1,0,1,2,0,2,0,1,1,0,2,1,1,1,1],[0,2,2,0,0,1,1,2,1,1,1,1,1,1,0,2]]:["3.640.1","3.960.1","3.960.6"]:["3.5760.1","3.5760.3","3.5760.4"]
3.1920.3:[[0,2,0,2,2,0,2,0,2,2,2,1,2,2,1,2],[0,2,0,2,1,2,1,0,0,0,0,1,0,0,2,2],[0,0,2,2,1,2,1,0,2,1,2,2,0,2,0,2]]:["3.640.2","3.640.4","3.960.1","3.960.3","3.960.8"]:["3.5760.2","3.5760.5","3.5760.6","3.5760.7","3.5760.8"]
3.1920.4:[[1,1,2,1,1,0,0,1,1,2,2,0,0,1,1,0],[2,2,2,2,2,0,1,1,2,1,1,2,0,2,0,1]]:["3.640.2","3.960.7"]:["3.5760.2","3.5760.9"]
3.1920.5:[[0,0,1,0,2,0,0,2,1,0,1,2,2,1,2,2],[0,2,2,2,1,2,0,1,0,0,0,2,0,0,1,1]]:["3.640.3","3.640.4","3.960.4","3.960.5","3.960.9"]:["3.5760.5","3.5760.10"]
3.1920.6:[[2,1,0,1,0,1,0,0,2,2,1,2,2,2,0,0],[0,1,1,0,2,1,1,1,2,2,2,2,2,2,1,0],[0,2,0,2,1,2,1,0,0,0,0,1,0,0,2,2],[0,1,2,2,2,1,0,2,2,2,2,2,2,2,1,0]]:["3.640.3","3.960.3","3.960.6"]:["3.5760.10","3.5760.11","3.5760.12"]
3.1920.7:[[1,1,2,0,1,2,0,1,1,0,0,0,2,1,1,0],[0,1,2,0,0,1,2,1,2,0,0,0,1,2,2,0]]:["3.640.4","3.960.7"]:["3.5760.5","3.5760.13"]
3.2160.1:[[2,2,1,0,0,1,0,2,1,0,1,2,0,2,0,2],[2,0,1,0,0,2,0,1,0,0,1,0,1,0,2,1]]:["3.80.3","3.1080.1","3.1080.3","3.1080.14"]:["3.6480.6","3.8640.1"]
3.2160.2:[[1,2,0,1,1,0,2,0,2,0,2,1,1,2,2,1],[0,2,0,1,2,0,1,0,2,0,1,1,0,2,1,1]]:["3.80.4","3.1080.1","3.1080.4","3.1080.12"]:["3.6480.3","3.8640.2"]
3.2160.3:[[0,1,2,1,2,2,0,1,0,1,2,0,2,1,2,2],[2,2,0,0,0,1,0,0,2,0,1,2,0,1,0,2],[0,1,0,1,0,2,0,0,1,1,1,2,1,1,0,0]]:["3.216.1","3.540.1","3.720.1","3.720.8"]:["3.4320.2","3.4320.3","3.4320.11","3.4320.12","3.4320.14","3.4320.16","3.6480.7"]
3.2160.4:[[1,2,1,0,1,0,1,1,2,1,0,1,0,2,2,2],[0,2,2,2,2,0,2,1,2,1,0,0,1,1,0,0],[0,0,0,2,0,0,1,0,0,2,0,0,1,0,0,0]]:["3.216.2","3.540.2","3.720.6","3.1080.7"]:["3.4320.1","3.4320.4","3.4320.18","3.4320.19","3.6480.6"]
3.2160.5:[[0,1,1,1,1,0,1,0,2,0,2,1,0,0,1,0],[0,2,2,0,2,1,1,1,1,2,2,0,0,2,0,1]]:["3.240.1","3.720.4","3.1080.6"]:["3.4320.5","3.4320.6","3.6480.8"]
3.2160.6:[[2,2,2,1,0,0,1,2,2,0,0,1,2,2,0,1],[0,1,0,2,1,2,2,2,0,0,0,1,0,1,1,0]]:["3.240.2","3.720.5","3.1080.6"]:["3.4320.7","3.4320.8","3.6480.8"]
3.2160.7:[[0,1,1,1,2,1,0,2,2,0,2,2,1,1,1,2],[0,2,2,1,1,2,1,2,1,2,1,1,0,1,2,0]]:["3.240.4","3.540.7","3.1080.7"]:["3.4320.9","3.4320.20","3.6480.3"]
3.2160.8:[[1,1,0,2,0,1,0,0,2,1,2,2,0,2,0,2],[2,1,0,1,1,1,1,0,0,2,2,2,2,0,2,1],[0,0,0,2,0,0,1,2,0,2,2,2,1,1,2,0]]:["3.240.5","3.540.8","3.1080.6"]:["3.4320.5","3.4320.7","3.4320.10","3.4320.17","3.6480.9"]
3.2160.9:[[1,1,0,2,0,1,0,0,2,1,2,2,0,2,0,2],[0,0,1,0,1,0,2,2,0,0,1,1,1,2,0,0]]:["3.240.6","3.1080.6"]:["3.4320.6","3.4320.7","3.6480.10"]
3.2160.10:[[1,1,1,1,1,0,1,0,2,2,0,1,2,0,1,0],[0,0,0,2,0,2,0,0,0,1,1,0,2,0,0,0]]:["3.240.7","3.1080.6"]:["3.4320.5","3.4320.8","3.6480.10"]
3.2160.11:[[0,2,2,0,2,1,1,1,1,2,2,0,0,2,0,1],[1,2,2,0,1,1,1,0,0,1,0,2,0,2,0,2]]:["3.240.8","3.540.9","3.1080.6"]:["3.4320.6","3.4320.8","3.6480.11"]
3.2160.12:[[0,0,0,2,0,2,1,1,0,1,0,1,2,2,2,1],[1,1,2,0,2,2,2,2,1,2,2,2,0,1,1,0]]:["3.240.10","3.540.5","3.1080.7"]:["3.4320.9","3.4320.19","3.6480.4"]
3.2160.13:[[0,2,1,0,0,1,2,2,1,0,0,2,1,1,1,2],[1,1,1,2,0,1,0,1,0,1,2,2,0,0,0,2]]:["3.240.11","3.540.6","3.1080.7"]:["3.4320.9","3.4320.18","3.6480.2"]
3.2160.14:[[2,0,0,0,1,1,1,0,0,0,2,0,0,0,2,1],[0,0,0,2,0,2,1,1,0,1,0,1,2,2,2,1]]:["3.240.12","3.540.4","3.1080.7"]:["3.4320.19","3.4320.20","3.6480.1"]
3.2160.15:[[2,0,1,0,0,1,0,2,1,0,1,0,0,2,0,2],[2,0,2,2,1,2,1,0,1,0,2,1,1,1,2,0]]:["3.432.1","3.1080.2","3.1080.13","3.1080.16"]:["3.6480.12","3.8640.3"]
3.2160.16:[[2,1,1,2,1,0,1,2,2,2,2,2,0,2,0,2],[0,2,0,1,0,0,0,1,1,1,2,1,0,1,1,1]]:["3.432.2","3.1080.3","3.1080.8","3.1080.12"]:["3.6480.13","3.8640.4"]
3.2160.17:[[2,1,1,0,1,0,0,0,2,2,1,2,1,1,0,0],[0,2,2,0,2,1,1,0,1,1,1,1,2,2,0,1]]:["3.432.3","3.1080.4","3.1080.8","3.1080.14"]:["3.6480.14","3.8640.5"]
3.2160.18:[[0,0,2,1,1,1,0,2,0,0,2,0,1,0,2,0],[0,0,2,1,0,0,1,1,2,2,0,2,2,1,2,0]]:["3.432.4","3.1080.2","3.1080.5","3.1080.17"]:["3.6480.15","3.8640.6"]
3.2160.19:[[2,0,1,0,2,2,1,1,0,0,1,0,1,0,1,1],[1,1,1,1,1,2,2,1,1,2,1,2,1,1,2,2],[1,2,0,0,2,2,0,0,0,0,2,2,0,0,2,1]]:["3.540.3","3.720.1","3.1080.7"]:["3.4320.13","3.4320.15","3.4320.18","3.4320.20","3.6480.7"]
3.2160.20:[[1,0,0,2,1,2,2,2,1,0,1,2,2,2,1,0],[1,2,1,1,1,2,2,2,1,0,1,2,2,0,0,1]]:["3.720.4","3.720.5","3.1080.15"]:["3.6480.8","3.8640.7"]
3.2160.21:[[0,0,1,1,2,1,2,0,0,0,0,1,0,1,0,1],[1,1,1,2,0,0,2,1,1,0,0,2,1,1,0,2]]:["3.720.4","3.1080.9"]:["3.6480.8","3.8640.8"]
3.2160.22:[[2,1,1,0,1,1,1,0,2,1,2,1,2,0,1,2],[1,0,2,1,2,2,2,0,0,2,0,1,1,2,2,0]]:["3.720.4","3.1080.11"]:["3.6480.8","3.8640.9"]
3.2160.23:[[0,1,0,1,1,2,1,0,1,2,1,2,0,1,2,0],[2,0,1,0,2,0,2,0,0,2,0,1,0,1,0,1]]:["3.720.5","3.1080.9"]:["3.6480.8","3.8640.10"]
3.2160.24:[[1,0,1,2,2,1,0,2,1,2,1,1,1,0,2,0],[0,0,1,0,2,0,1,1,1,0,0,0,2,1,1,0]]:["3.720.5","3.1080.11"]:["3.6480.8","3.8640.11"]
3.2160.25:[[1,0,2,0,1,1,2,2,0,0,2,0,2,0,2,2],[0,2,0,0,2,2,0,0,2,1,0,1,2,2,1,2]]:["3.1080.5","3.1080.10","3.1080.16"]:["3.6480.16","3.8640.12"]
3.2160.26:[[1,1,2,2,2,1,1,2,1,2,1,2,1,1,1,1],[1,1,0,0,0,0,1,2,1,2,1,2,1,1,1,1]]:["3.1080.10","3.1080.13","3.1080.18"]:["3.6480.17","3.8640.13"]
3.2592.1:[[0,2,2,1,0,0,0,2,1,1,0,1,0,1,0,0],[1,2,0,0,0,1,1,1,0,0,2,2,2,1,0,2]]:["3.162.1","3.432.1","3.432.2","3.1296.1"]:["3.12960.2"]
3.2592.2:[[0,1,1,2,2,2,0,1,2,0,1,2,2,2,1,0],[2,1,0,1,1,0,2,1,1,1,0,2,2,2,1,0]]:["3.432.3","3.432.4","3.1296.1"]:["3.5184.1","3.5184.2","3.12960.3"]
3.2880.1:[[1,1,1,1,2,0,2,0,0,2,1,1,2,1,0,1],[1,0,1,2,1,2,0,1,0,0,1,0,0,0,2,2],[0,0,1,0,2,0,2,0,1,0,1,2,0,2,0,2]]:["3.720.4","3.960.1","3.1440.2"]:["3.5760.3","3.5760.6","3.8640.7","3.8640.8","3.8640.9","3.8640.14"]
3.2880.2:[[0,1,1,0,0,2,2,1,1,1,1,2,1,1,0,0],[0,0,0,1,0,1,1,2,0,2,0,2,2,1,2,2],[2,2,2,1,1,2,0,1,0,2,2,0,2,1,1,0]]:["3.720.5","3.960.3","3.1440.2"]:["3.5760.6","3.5760.11","3.8640.7","3.8640.10","3.8640.11","3.8640.15"]
3.2880.3:[[2,1,1,0,2,0,1,1,1,1,0,2,1,1,1,1],[1,1,0,2,0,1,2,1,2,1,2,2,1,0,1,2]]:["3.960.1","3.960.2","3.1440.3"]:["3.5760.1","3.5760.2","3.8640.14","3.8640.16"]
3.2880.4:[[0,2,1,1,1,2,0,1,1,1,1,1,1,1,2,0],[0,0,1,1,2,1,1,1,1,2,0,2,2,0,1,2]]:["3.960.1","3.960.9","3.1440.3"]:["3.5760.1","3.5760.5","3.8640.7","3.8640.16"]
3.2880.5:[[2,2,0,0,0,1,1,2,1,0,0,0,0,2,2,0],[0,2,1,1,2,0,1,1,0,0,0,1,0,0,1,0]]:["3.960.1","3.1440.4"]:["3.5760.3","3.5760.7","3.8640.8","3.8640.16"]
3.2880.6:[[0,1,2,0,1,2,1,2,0,2,1,2,2,0,2,0],[0,0,2,2,2,1,1,0,1,2,1,1,2,2,0,1]]:["3.960.1","3.1440.5"]:["3.5760.4","3.5760.8","3.8640.9","3.8640.16"]
3.2880.7:[[1,1,0,2,0,1,2,1,2,1,2,2,1,0,1,2],[0,0,1,1,2,1,2,0,1,2,1,1,0,1,0,1]]:["3.960.3","3.960.4","3.1440.3"]:["3.5760.5","3.5760.10","3.8640.15","3.8640.17"]
3.2880.8:[[1,1,1,2,2,1,2,0,0,1,2,2,1,2,0,2],[0,1,0,1,0,2,0,0,1,1,1,2,1,1,0,0]]:["3.960.3","3.960.9","3.1440.3"]:["3.5760.2","3.5760.10","3.8640.7","3.8640.17"]
3.2880.9:[[1,1,2,0,1,2,1,0,1,0,1,2,0,2,0,2],[0,0,0,2,0,2,2,1,0,1,2,2,2,0,1,2]]:["3.960.3","3.1440.4"]:["3.5760.7","3.5760.11","3.8640.10","3.8640.17"]
3.2880.10:[[1,0,2,2,2,2,2,2,2,1,1,0,1,2,1,2],[0,2,2,1,0,2,2,2,2,1,2,1,1,1,2,2]]:["3.960.3","3.1440.5"]:["3.5760.8","3.5760.12","3.8640.11","3.8640.17"]
3.2880.11:[[2,0,2,1,0,2,1,2,0,0,2,0,0,0,0,2],[1,0,1,2,0,1,2,1,1,1,2,0,1,1,0,2],[2,1,0,1,2,0,2,0,0,0,2,2,0,0,1,0]]:["3.960.5","3.960.6","3.1440.3"]:["3.5760.1","3.5760.10","3.8640.2","3.8640.18"]
3.2880.12:[[2,2,0,0,0,1,2,1,1,0,0,0,2,1,1,0],[0,0,0,2,0,2,0,0,0,1,1,0,2,0,0,0]]:["3.960.5","3.960.7","3.960.8","3.1440.3"]:["3.5760.2","3.5760.5","3.8640.1","3.8640.18"]
3.2880.13:[[0,2,1,1,0,1,2,1,2,2,2,1,2,2,0,0],[1,2,1,1,2,1,1,1,2,2,0,1,2,2,1,0],[1,0,0,0,2,0,2,0,2,2,0,0,2,2,1,2]]:["3.960.6","3.1440.2","3.1440.4","3.1440.6"]:["3.5760.3","3.5760.11","3.8640.2","3.8640.12","3.8640.18"]
3.2880.14:[[1,0,0,0,2,2,1,0,0,0,1,0,2,0,1,2],[2,0,0,0,0,1,1,0,0,0,2,0,0,0,0,1],[1,0,0,0,2,2,0,0,0,0,1,0,0,0,1,2]]:["3.960.6","3.1440.5","3.1440.7","3.1440.8"]:["3.5760.4","3.5760.12","3.8640.2","3.8640.12"]
3.2880.15:[[1,0,0,0,1,0,1,0,2,1,0,0,0,2,2,2],[2,1,2,1,1,0,1,0,1,0,2,1,2,1,0,1]]:["3.960.7"]:["3.5760.9","3.5760.13","3.8640.18"]
3.2880.16:[[2,2,2,2,1,0,0,1,0,1,2,2,2,0,1,2],[2,0,2,1,0,2,1,2,0,0,2,0,0,0,0,2]]:["3.960.8","3.1440.1","3.1440.4","3.1440.11"]:["3.5760.7","3.8640.1","3.8640.13"]
3.2880.17:[[1,0,1,2,2,0,1,1,1,1,2,0,1,1,1,1],[1,2,2,0,1,0,2,2,0,0,1,1,0,0,2,0],[0,0,1,1,2,1,1,1,1,2,2,0,0,1,1,0]]:["3.960.8","3.1440.2","3.1440.11","3.1440.14"]:["3.5760.6","3.8640.4","3.8640.13","3.8640.18"]
3.2880.18:[[1,2,0,2,0,2,2,2,0,2,0,0,2,1,0,0],[2,0,0,0,1,2,2,0,1,0,1,0,0,1,2,1]]:["3.960.8","3.1440.5","3.1440.12","3.1440.15"]:["3.5760.8","3.8640.1","3.8640.4"]
3.2880.19:[[0,0,1,2,2,2,2,1,0,0,2,0,1,0,1,1],[0,2,2,0,1,0,0,1,0,0,0,2,0,0,1,0]]:["3.960.10","3.1440.1","3.1440.6","3.1440.14"]:["3.8640.3","3.8640.5"]
3.2880.20:[[1,0,0,0,2,1,2,0,0,0,1,0,2,0,1,1],[2,0,1,0,0,1,2,2,1,0,1,0,2,2,2,2]]:["3.960.10","3.1440.7","3.1440.10","3.1440.15"]:["3.8640.5","3.8640.6"]
3.2880.21:[[0,2,0,0,1,0,0,0,1,0,0,2,0,2,1,0],[1,2,2,1,0,1,0,2,1,0,0,1,0,1,0,0]]:["3.960.10","3.1440.8","3.1440.9","3.1440.10"]:["3.8640.3","3.8640.6"]
3.3240.1:[[2,0,0,0,0,0,1,0,0,1,0,0,0,0,0,1],[2,2,1,0,1,1,1,1,2,1,1,1,0,2,2,0],[1,1,2,0,2,2,0,1,1,0,2,1,0,2,2,1]]:["3.360.1","3.1080.1","3.1080.7","3.1620.1"]:["3.6480.1","3.6480.2","3.6480.3","3.6480.4","3.6480.6","3.6480.7"]
3.3240.2:[[0,2,2,2,2,0,2,0,2,1,0,0,1,0,0,0],[1,2,1,0,1,2,0,2,2,0,2,2,0,1,1,1],[0,1,1,2,2,1,2,1,2,1,2,2,0,2,1,0]]:["3.1080.2","3.1080.3","3.1620.1"]:["3.6480.1","3.6480.5","3.6480.6","3.6480.12","3.6480.13","3.6480.15"]
3.3240.3:[[0,0,0,2,0,0,2,2,0,1,0,1,1,2,1,0],[2,2,1,0,1,1,1,1,2,1,1,1,0,2,2,0],[0,0,0,2,0,1,0,0,0,0,2,0,2,0,0,0]]:["3.1080.4","3.1080.5","3.1620.1"]:["3.6480.2","3.6480.3","3.6480.14","3.6480.15","3.6480.16","3.6480.18"]
3.3240.4:[[2,2,1,2,1,0,1,0,2,1,2,2,2,0,1,0],[0,1,0,2,0,2,0,0,2,0,1,2,2,2,0,0],[0,0,1,1,2,1,2,0,0,0,0,1,0,1,0,1]]:["3.1080.6","3.1080.9","3.1080.11","3.1080.15","3.1620.6"]:["3.6480.8","3.6480.9","3.6480.10","3.6480.11"]
3.3240.5:[[0,2,2,0,1,2,2,2,1,1,1,1,1,1,2,0],[2,2,1,0,1,2,2,2,2,2,2,2,0,1,1,0],[1,2,1,0,0,2,0,2,0,0,2,2,0,0,0,1]]:["3.1080.8","3.1620.1"]:["3.6480.5","3.6480.7","3.6480.13","3.6480.14","3.6480.18","3.6480.19"]
3.3240.6:[[0,2,2,0,1,0,0,1,1,0,0,2,0,2,1,0],[0,0,1,2,2,2,0,1,0,0,1,0,2,0,1,0],[2,2,2,1,0,2,0,2,2,1,1,1,0,2,0,1]]:["3.1080.10","3.1620.2","3.1620.10","3.1620.11"]:["3.6480.16","3.6480.17","3.6480.20","3.6480.21"]
3.3240.7:[[2,2,1,0,1,0,2,1,2,2,0,1,0,2,2,1],[1,1,2,0,2,2,2,2,1,2,2,2,0,1,1,0],[0,0,0,2,0,0,1,0,0,2,0,0,1,0,0,0]]:["3.1080.12","3.1620.1","3.1620.5","3.1620.11"]:["3.6480.3","3.6480.13","3.6480.20","3.6480.21"]
3.3240.8:[[0,1,1,2,2,2,0,1,2,0,1,2,2,2,1,0],[0,0,1,2,1,1,1,1,0,0,1,1,1,2,2,1],[1,0,2,0,2,1,2,2,2,0,2,0,2,2,1,2]]:["3.1080.13","3.1620.2","3.1620.10","3.1620.12"]:["3.6480.12","3.6480.17","3.6480.22","3.6480.23"]
3.3240.9:[[0,2,2,0,1,0,0,1,1,0,0,2,0,2,1,0],[2,0,0,0,0,0,1,0,0,1,0,0,0,0,0,1],[0,1,2,0,1,0,0,2,2,0,0,2,0,2,2,0],[1,1,2,0,2,2,0,1,1,0,2,1,0,2,2,1]]:["3.1080.14","3.1620.1","3.1620.12"]:["3.6480.6","3.6480.14","3.6480.22"]
3.3240.10:[[2,2,1,2,1,2,1,1,2,0,2,0,1,0,2,0],[0,1,2,0,1,0,0,1,2,0,0,1,0,1,1,0],[0,0,1,2,2,2,0,1,0,0,1,0,2,0,1,0]]:["3.1080.16","3.1620.1","3.1620.2","3.1620.4"]:["3.6480.4","3.6480.12","3.6480.16","3.6480.19","3.6480.20","3.6480.22"]
3.3240.11:[[2,1,2,0,2,0,2,2,1,2,0,2,0,1,1,1],[1,0,2,0,2,2,0,1,0,0,2,0,0,0,2,1],[2,2,1,1,1,0,1,1,2,0,0,1,2,2,2,1],[2,2,1,2,1,0,0,1,2,1,0,1,1,2,2,1]]:["3.1080.17","3.1620.1","3.1620.2","3.1620.3"]:["3.6480.7","3.6480.15","3.6480.21","3.6480.22"]
3.3240.12:[[1,1,2,2,2,0,2,2,1,0,0,2,1,1,1,2],[1,1,1,2,0,1,0,1,1,2,2,2,0,1,0,2],[0,2,2,2,2,0,2,2,2,1,0,1,1,2,1,0]]:["3.1080.18","3.1620.2","3.1620.3","3.1620.5"]:["3.6480.17","3.6480.19","3.6480.21","3.6480.23"]
3.3240.13:[[0,0,2,1,2,2,2,2,0,0,2,2,2,1,1,2],[0,1,2,0,2,1,2,2,1,2,1,2,0,1,1,2],[1,2,2,1,2,0,0,2,2,1,0,1,2,2,1,2]]:["3.1080.19","3.1620.2","3.1620.4","3.1620.5"]:["3.6480.20","3.6480.23"]
3.3240.14:[[0,0,0,2,0,0,2,2,0,1,0,1,1,2,1,0],[0,2,1,0,1,2,1,2,2,1,2,2,0,1,1,2],[2,1,2,0,0,0,2,2,0,2,0,2,0,0,0,1]]:["3.1620.1","3.1620.3","3.1620.10"]:["3.6480.1","3.6480.18","3.6480.21","3.6480.22"]
3.3240.15:[[2,2,1,0,1,1,1,1,2,1,1,1,0,2,2,0],[0,2,1,0,1,2,1,2,2,1,2,2,0,1,1,2],[0,1,1,1,1,0,1,0,1,2,0,0,2,0,0,0]]:["3.1620.1","3.1620.4","3.1620.10"]:["3.6480.2","3.6480.5","3.6480.20","3.6480.22"]
3.3240.16:[[2,2,1,2,1,0,1,0,2,1,2,2,2,0,1,0],[1,0,2,0,1,0,1,0,1,2,1,1,1,1,2,1]]:["3.1620.3","3.1620.4","3.1620.12"]:["3.6480.22","3.6480.23"]
3.3240.17:[[2,2,0,0,1,2,1,2,1,2,0,0,1,1,2,2],[2,2,1,2,1,0,0,1,2,1,0,1,1,2,2,1]]:["3.1620.3","3.1620.5","3.1620.10"]:["3.6480.21","3.6480.23"]
3.3240.18:[[1,2,1,0,1,0,1,1,2,1,0,1,0,2,2,2],[2,2,1,1,1,2,1,2,2,1,0,0,1,1,0,0],[1,0,0,0,1,0,1,0,2,1,0,0,0,2,2,2]]:["3.1620.3","3.1620.6","3.1620.11"]:["3.6480.9","3.6480.21"]
3.3240.19:[[0,0,2,1,2,2,2,2,0,0,2,2,2,1,1,2],[1,1,1,2,2,0,0,1,2,0,2,2,2,2,1,1]]:["3.1620.4","3.1620.5","3.1620.10"]:["3.6480.20","3.6480.23"]
3.3240.20:[[2,2,1,1,1,2,1,2,2,1,0,0,1,1,0,0],[0,1,1,1,2,1,0,0,2,0,2,0,1,0,0,0]]:["3.1620.4","3.1620.7","3.1620.11"]:["3.6480.20"]
3.3240.21:[[2,1,2,0,2,0,2,2,1,2,0,2,0,1,1,1],[0,1,0,0,0,0,0,1,1,0,0,0,0,0,2,0]]:["3.1620.5","3.1620.9","3.1620.12"]:["3.6480.23"]
3.3240.22:[[0,1,1,0,2,1,1,1,2,2,2,2,2,2,1,0],[2,0,0,2,2,2,1,2,1,2,2,1,1,2,0,2]]:["3.1620.6"]:["3.6480.9","3.6480.11"]
3.3240.23:[[1,2,1,0,1,0,1,1,2,1,0,1,0,2,2,2],[0,2,0,2,0,0,0,1,1,2,1,0,0,0,1,1]]:["3.1620.6","3.1620.7","3.1620.8"]:["3.6480.11"]
3.4320.1:[[1,1,0,0,1,2,0,0,2,0,2,1,0,1,1,1],[2,2,1,0,1,2,0,1,2,1,1,1,2,2,2,1]]:["3.432.1","3.1080.2","3.1440.9","3.1440.10","3.2160.4"]:["3.8640.3","3.8640.6","3.12960.4"]
3.4320.2:[[0,0,0,1,0,1,0,0,0,1,2,2,1,2,0,0],[0,2,1,2,2,2,0,1,0,2,1,1,2,0,1,0]]:["3.432.2","3.1080.3","3.1440.11","3.1440.12","3.2160.3"]:["3.8640.1","3.8640.4","3.12960.5"]
3.4320.3:[[0,1,0,0,0,2,0,1,1,2,0,2,1,2,2,1],[1,2,2,2,2,2,0,2,1,2,1,1,0,1,1,2]]:["3.432.3","3.1080.4","3.1440.6","3.1440.7","3.2160.3"]:["3.8640.2","3.8640.5","3.12960.3"]
3.4320.4:[[0,2,0,1,1,2,2,0,2,1,1,1,0,2,2,0],[2,0,0,0,2,1,0,0,2,2,2,0,2,2,1,1]]:["3.432.4","3.1080.5","3.1440.7","3.1440.8","3.2160.4"]:["3.8640.6","3.8640.12","3.12960.3"]
3.4320.5:[[1,0,1,2,2,2,2,0,1,0,0,2,1,2,0,2],[2,1,1,0,1,2,0,1,2,2,1,2,2,2,2,1]]:["3.480.3","3.2160.5","3.2160.8","3.2160.10"]:["3.8640.14","3.12960.6"]
3.4320.6:[[2,1,2,2,2,1,1,1,2,0,2,1,1,0,0,2],[1,1,1,2,2,1,0,2,0,1,1,0,1,2,2,0]]:["3.480.4","3.2160.5","3.2160.9","3.2160.11"]:["3.12960.7"]
3.4320.7:[[1,1,0,2,0,1,0,0,2,1,2,2,0,2,0,2],[2,1,1,0,2,2,2,0,0,2,0,1,0,1,0,1]]:["3.480.5","3.2160.6","3.2160.8","3.2160.9"]:["3.8640.15","3.12960.6"]
3.4320.8:[[0,2,0,1,2,0,1,1,0,2,0,2,2,2,2,2],[0,2,2,2,0,2,2,1,2,2,1,0,1,0,2,1]]:["3.480.6","3.2160.6","3.2160.10","3.2160.11"]:["3.12960.7"]
3.4320.9:[[0,2,2,2,1,2,0,1,1,0,1,1,2,2,2,1]]:["3.480.10","3.1080.19","3.2160.7","3.2160.12","3.2160.13"]:["3.12960.1"]
3.4320.10:[[2,0,2,1,1,1,1,0,2,0,0,1,2,1,0,1],[0,2,0,2,1,1,1,0,2,1,2,1,1,2,2,0]]:["3.480.11","3.2160.8"]:["3.8640.14","3.8640.15","3.12960.8"]
3.4320.11:[[0,1,0,2,0,2,0,0,2,2,1,2,2,2,0,0],[0,0,0,1,0,1,0,0,0,1,2,2,1,2,0,0],[1,1,0,0,0,2,0,0,1,0,2,1,0,2,0,1]]:["3.1080.1","3.1440.3","3.1440.4","3.1440.5","3.2160.3"]:["3.8640.1","3.8640.2","3.8640.16","3.8640.17","3.12960.9"]
3.4320.12:[[1,1,2,2,2,0,2,2,2,2,0,2,0,2,1,2],[1,0,0,0,1,2,0,0,2,0,2,0,0,1,1,1]]:["3.1080.8","3.1440.14","3.1440.15","3.2160.3"]:["3.8640.4","3.8640.5","3.12960.10"]
3.4320.13:[[1,1,1,2,0,0,2,1,1,0,0,2,1,1,0,2],[2,2,1,0,1,2,1,0,2,0,1,2,1,0,1,1],[2,0,0,0,0,2,0,0,0,0,2,0,0,0,0,2]]:["3.1080.9","3.1080.10","3.1440.2","3.1440.4","3.2160.19"]:["3.8640.8","3.8640.10","3.8640.12","3.8640.13","3.12960.9"]
3.4320.14:[[1,2,1,1,2,2,0,1,2,1,1,1,0,2,1,2],[0,0,0,1,0,2,0,0,0,2,1,0,1,0,0,0],[2,0,0,0,0,2,0,0,0,0,2,0,0,0,0,2]]:["3.1080.11","3.1080.12","3.1440.2","3.1440.5","3.2160.3"]:["3.8640.2","3.8640.4","3.8640.9","3.8640.11","3.12960.9"]
3.4320.15:[[2,2,1,0,1,1,0,2,2,0,1,2,0,1,1,2],[2,2,2,2,2,1,1,2,2,1,2,1,2,2,1,1]]:["3.1080.13","3.1440.1","3.1440.14","3.2160.19"]:["3.8640.3","3.8640.13","3.12960.10"]
3.4320.16:[[1,0,2,0,2,2,0,1,2,0,2,0,0,1,2,1],[0,0,0,1,0,1,0,0,0,1,2,2,1,2,0,0]]:["3.1080.14","3.1440.1","3.1440.15","3.2160.3"]:["3.8640.1","3.8640.5","3.12960.10"]
3.4320.17:[[0,0,0,2,0,2,2,1,0,1,0,1,1,2,1,1],[0,1,2,2,1,0,2,2,1,1,1,2,1,1,2,1],[2,2,1,2,2,0,1,1,2,1,0,1,0,2,1,1]]:["3.1080.15","3.1440.2","3.1440.3","3.2160.8"]:["3.8640.7","3.8640.14","3.8640.15","3.8640.18","3.12960.9"]
3.4320.18:[[1,0,2,0,1,1,2,2,0,0,2,0,2,0,2,2],[2,2,1,0,1,1,0,2,2,0,1,2,0,1,1,2]]:["3.1080.16","3.1440.6","3.1440.8","3.2160.4","3.2160.13","3.2160.19"]:["3.8640.3","3.8640.12","3.12960.3"]
3.4320.19:[[0,0,0,1,0,1,2,2,0,2,0,2,1,1,1,2],[0,2,2,2,2,0,2,1,2,1,0,0,1,1,0,0]]:["3.1080.17","3.1440.10","3.2160.4","3.2160.12","3.2160.14"]:["3.8640.6","3.12960.4"]
3.4320.20:[[0,2,0,1,1,2,2,1,1,0,2,1,2,0,0,2],[2,2,2,2,2,1,1,2,2,1,2,1,2,2,1,1]]:["3.1080.18","3.1440.11","3.2160.7","3.2160.14","3.2160.19"]:["3.8640.13","3.12960.5"]
3.5184.1:[[2,0,2,1,0,0,1,0,2,2,1,0,1,0,2,1],[0,1,2,0,1,2,1,2,0,2,1,2,2,0,2,0]]:["3.2592.2"]:["3.10368.1","3.25920.1"]
3.5184.2:[[0,2,2,2,1,0,1,0,1,2,0,1,1,2,1,2]]:["3.2592.2"]:["3.25920.2"]
3.5760.1:[[0,2,1,1,1,2,0,1,0,0,0,1,0,0,2,2],[2,1,2,2,2,0,0,2,1,1,0,2,1,1,1,1],[1,0,1,2,0,1,2,1,0,0,1,0,0,0,0,1]]:["3.1920.1","3.1920.2","3.2880.3","3.2880.4","3.2880.11"]:["3.17280.1","3.17280.2"]
3.5760.2:[[1,1,0,2,0,1,1,2,2,1,1,0,0,2,2,0],[2,2,2,1,1,2,0,1,0,2,0,2,1,0,1,2]]:["3.1920.1","3.1920.3","3.1920.4","3.2880.3","3.2880.8","3.2880.12"]:["3.17280.1","3.17280.3"]
3.5760.3:[[1,0,0,0,0,1,0,0,1,1,2,0,1,1,0,2],[2,1,2,2,2,0,0,2,0,0,2,2,0,0,1,0],[2,1,2,2,1,2,2,2,1,1,0,2,1,1,2,0]]:["3.1920.2","3.2880.1","3.2880.5","3.2880.13"]:["3.17280.1","3.17280.2","3.17280.4"]
3.5760.4:[[1,0,0,0,2,1,1,0,0,0,1,0,0,0,1,1],[2,0,0,0,0,1,0,0,0,0,2,0,1,0,0,1],[2,0,0,0,2,1,2,0,0,0,2,0,0,0,1,1]]:["3.1920.2","3.2880.6","3.2880.14"]:["3.17280.2","3.17280.4"]
3.5760.5:[[0,2,0,2,1,2,1,0,0,0,0,1,0,0,2,2],[1,1,1,2,2,1,0,2,0,1,0,1,2,0,2,1]]:["3.1920.3","3.1920.5","3.1920.7","3.2880.4","3.2880.7","3.2880.12"]:["3.17280.3","3.17280.5"]
3.5760.6:[[1,0,1,2,2,0,1,1,1,1,2,0,1,1,1,1],[0,0,2,2,1,2,2,2,2,1,1,0,0,2,2,0],[0,2,2,0,1,2,2,2,0,0,0,1,0,0,2,2]]:["3.1920.3","3.2880.1","3.2880.2","3.2880.17"]:["3.17280.1","3.17280.5","3.17280.6","3.17280.7"]
3.5760.7:[[2,2,2,1,1,2,0,1,0,2,0,2,1,0,1,2],[1,0,2,1,1,2,2,2,2,2,0,0,2,2,2,1]]:["3.1920.3","3.2880.5","3.2880.9","3.2880.16"]:["3.17280.3","3.17280.6"]
3.5760.8:[[2,1,1,2,0,2,0,1,2,0,0,2,0,2,0,0],[0,1,2,0,2,2,1,1,0,0,0,1,0,1,1,1]]:["3.1920.3","3.2880.6","3.2880.10","3.2880.18"]:["3.17280.3","3.17280.7"]
3.5760.9:[[2,2,0,1,0,2,0,0,1,2,1,1,0,1,0,1],[1,0,0,0,1,0,1,0,2,1,0,0,0,2,2,2]]:["3.1920.4","3.2880.15"]:["3.17280.1"]
3.5760.10:[[0,1,2,2,2,1,0,2,2,2,2,2,2,2,1,0],[1,0,2,1,0,1,1,2,0,0,1,0,0,0,0,1],[2,1,2,2,2,0,0,2,0,0,2,2,0,0,1,0]]:["3.1920.5","3.1920.6","3.2880.7","3.2880.8","3.2880.11"]:["3.17280.5","3.17280.8"]
3.5760.11:[[0,1,2,2,1,0,2,2,0,0,0,2,0,0,2,0],[1,0,0,0,1,2,1,0,2,2,0,0,2,2,2,1],[2,1,2,2,1,2,2,2,1,1,0,2,1,1,2,0]]:["3.1920.6","3.2880.2","3.2880.9","3.2880.13"]:["3.17280.5","3.17280.8","3.17280.9"]
3.5760.12:[[1,0,0,0,0,1,1,0,0,0,1,0,2,0,0,1],[1,0,0,0,2,1,2,0,0,0,1,0,2,0,1,1],[1,0,0,0,2,2,1,0,0,0,1,0,2,0,1,2]]:["3.1920.6","3.2880.10","3.2880.14"]:["3.17280.8","3.17280.9"]
3.5760.13:[[1,0,2,0,0,1,1,2,0,0,2,0,0,0,0,2],[1,2,0,2,2,0,2,0,2,0,0,1,1,2,1,2]]:["3.1920.7","3.2880.15"]:["3.17280.5"]
3.6480.1:[[1,1,2,0,2,2,0,1,1,0,2,1,0,2,2,1],[2,1,2,0,0,0,2,2,0,2,0,2,0,0,0,1]]:["3.720.2","3.2160.14","3.3240.1","3.3240.2","3.3240.14"]:["3.12960.4","3.12960.5"]
3.6480.2:[[2,2,1,0,1,1,1,1,2,1,1,1,0,2,2,0],[1,0,0,0,0,0,2,0,0,2,0,0,0,0,0,2]]:["3.720.3","3.2160.13","3.3240.1","3.3240.3","3.3240.15"]:["3.12960.1","3.12960.3"]
3.6480.3:[[2,2,1,0,1,0,2,1,2,2,0,1,0,2,2,1],[2,2,1,0,1,1,1,1,2,1,1,1,0,2,2,0]]:["3.720.7","3.2160.2","3.2160.7","3.3240.1","3.3240.3","3.3240.7"]:["3.12960.1","3.12960.5"]
3.6480.4:[[2,2,1,0,1,1,0,2,2,0,1,2,0,1,1,2],[1,1,2,0,2,2,2,2,1,2,2,2,0,1,1,0]]:["3.720.9","3.2160.12","3.3240.1","3.3240.10"]:["3.12960.1","3.12960.4"]
3.6480.5:[[1,1,2,0,2,1,1,1,1,1,1,1,0,2,2,0],[0,1,1,2,1,0,2,1,1,1,0,2,1,1,2,0]]:["3.1296.1","3.3240.2","3.3240.5","3.3240.15"]:["3.12960.2","3.12960.3"]
3.6480.6:[[2,1,2,0,2,0,2,2,1,2,0,2,0,1,1,1],[2,2,1,0,1,0,2,1,2,2,0,1,0,2,2,1],[2,1,2,0,2,1,0,1,1,0,1,1,0,2,2,2]]:["3.2160.1","3.2160.4","3.3240.1","3.3240.2","3.3240.9"]:["3.12960.3","3.12960.4"]
3.6480.7:[[0,2,2,0,1,0,0,1,1,0,0,2,0,2,1,0],[2,2,1,0,1,1,0,2,2,0,1,2,0,1,1,2],[2,2,1,2,1,0,0,1,2,1,0,1,1,2,2,1]]:["3.2160.3","3.2160.19","3.3240.1","3.3240.5","3.3240.11"]:["3.12960.3","3.12960.5","3.12960.9","3.12960.10"]
3.6480.8:[[0,1,0,2,0,2,0,0,2,0,1,2,2,2,0,0],[2,0,2,2,1,2,1,0,0,2,2,2,1,2,0,2]]:["3.2160.5","3.2160.6","3.2160.20","3.2160.21","3.2160.22","3.2160.23","3.2160.24","3.3240.4"]:["3.12960.6","3.12960.7"]
3.6480.9:[[2,0,0,0,2,0,2,0,1,2,0,0,0,1,1,1],[1,1,2,1,2,0,0,2,1,2,0,2,2,1,1,2],[1,0,0,0,1,0,1,0,2,1,0,0,0,2,2,2]]:["3.2160.8","3.3240.4","3.3240.18","3.3240.22"]:["3.12960.6","3.12960.8","3.12960.9"]
3.6480.10:[[1,1,0,2,0,1,1,2,2,2,1,0,1,0,2,1],[1,2,1,2,0,1,1,2,0,2,1,0,1,2,1,1]]:["3.2160.9","3.2160.10","3.3240.4"]:["3.12960.6","3.12960.7"]
3.6480.11:[[0,2,2,0,1,0,0,1,1,0,0,2,0,2,1,0],[2,0,1,2,2,2,0,0,0,2,0,1,0,1,0,0]]:["3.2160.11","3.3240.4","3.3240.22","3.3240.23"]:["3.12960.7"]
3.6480.12:[[2,2,1,2,1,2,1,1,2,0,2,0,1,0,2,0],[2,2,2,1,0,2,0,2,2,1,1,1,0,2,0,1]]:["3.2160.15","3.3240.2","3.3240.8","3.3240.10"]:["3.12960.2","3.12960.4"]
3.6480.13:[[0,0,0,1,0,1,0,1,0,0,2,2,1,2,1,0],[0,2,2,1,1,2,1,2,1,2,1,1,0,1,2,0]]:["3.2160.16","3.3240.2","3.3240.5","3.3240.7"]:["3.12960.2","3.12960.5"]
3.6480.14:[[2,1,2,0,2,0,2,2,1,2,0,2,0,1,1,1],[0,1,2,0,1,0,0,2,2,0,0,2,0,2,2,0],[0,0,0,1,0,2,0,0,0,0,1,0,1,0,0,0]]:["3.2160.17","3.3240.3","3.3240.5","3.3240.9"]:["3.12960.3","3.12960.11"]
3.6480.15:[[0,1,1,2,2,2,0,1,2,0,1,2,2,2,1,0],[0,0,1,2,2,2,0,1,0,0,1,0,2,0,1,0],[2,1,1,2,1,0,0,1,1,2,0,2,1,1,2,1]]:["3.2160.18","3.3240.2","3.3240.3","3.3240.11"]:["3.12960.3","3.12960.5"]
3.6480.16:[[0,0,2,1,1,1,0,2,0,0,2,0,1,0,2,0],[2,2,1,0,1,1,1,1,2,1,1,1,0,2,2,0]]:["3.2160.25","3.3240.3","3.3240.6","3.3240.10"]:["3.12960.1","3.12960.11"]
3.6480.17:[[1,1,1,2,0,1,0,1,1,2,2,2,0,1,0,2],[0,0,0,2,0,1,0,0,0,0,2,0,2,0,0,0]]:["3.2160.26","3.3240.6","3.3240.8","3.3240.12"]:["3.12960.2","3.12960.11"]
3.6480.18:[[0,2,1,0,1,2,1,2,2,1,2,2,0,1,1,2],[0,1,1,0,2,1,1,1,2,2,2,2,2,2,1,0]]:["3.3240.3","3.3240.5","3.3240.14"]:["3.12960.5","3.12960.11"]
3.6480.19:[[0,1,1,1,2,1,0,0,2,0,2,0,1,0,0,0],[0,0,0,1,0,2,0,0,0,0,1,0,1,0,0,0]]:["3.3240.5","3.3240.10","3.3240.12"]:["3.12960.2","3.12960.11"]
3.6480.20:[[0,2,2,0,1,0,0,1,1,0,0,2,0,2,1,0],[0,1,1,1,2,1,0,0,2,0,2,0,1,0,0,0]]:["3.3240.6","3.3240.7","3.3240.10","3.3240.13","3.3240.15","3.3240.19","3.3240.20"]:["3.12960.1","3.12960.2"]
3.6480.21:[[0,2,2,0,1,0,0,1,1,0,0,2,0,2,1,0],[0,0,2,1,1,1,0,2,0,0,2,0,1,0,2,0],[0,1,0,2,0,2,0,0,2,0,1,2,2,2,0,0]]:["3.3240.6","3.3240.7","3.3240.11","3.3240.12","3.3240.14","3.3240.17","3.3240.18"]:["3.12960.5","3.12960.9","3.12960.11"]
3.6480.22:[[1,2,1,0,1,0,1,1,2,1,0,1,0,2,2,2],[0,0,0,1,0,2,0,0,0,0,1,0,1,0,0,0],[0,2,2,1,1,1,0,2,1,0,2,1,1,1,2,0]]:["3.3240.8","3.3240.9","3.3240.10","3.3240.11","3.3240.14","3.3240.15","3.3240.16"]:["3.12960.3","3.12960.4","3.12960.10","3.12960.11"]
3.6480.23:[[0,1,1,0,2,0,0,2,2,0,0,1,0,1,2,0],[0,1,0,2,0,2,0,2,1,2,2,2,1,1,1,2]]:["3.3240.8","3.3240.12","3.3240.13","3.3240.16","3.3240.17","3.3240.19","3.3240.21"]:["3.12960.2"]
3.8640.1:[[2,0,0,0,0,2,0,0,0,0,2,0,0,0,0,2],[0,0,0,2,0,2,0,0,0,2,1,1,2,1,0,0]]:["3.2160.1","3.2880.12","3.2880.16","3.2880.18","3.4320.2","3.4320.11","3.4320.16"]:["3.17280.3","3.25920.1"]
3.8640.2:[[0,0,1,2,2,2,2,1,1,1,1,0,0,1,1,0],[1,2,2,2,2,2,0,2,1,2,1,1,0,1,1,2]]:["3.2160.2","3.2880.11","3.2880.13","3.2880.14","3.4320.3","3.4320.11","3.4320.14"]:["3.17280.2","3.17280.8","3.25920.1"]
3.8640.3:[[0,1,2,0,1,0,0,1,2,0,0,1,0,1,1,0],[2,1,0,0,1,1,0,0,0,0,1,1,0,0,1,2]]:["3.2160.15","3.2880.19","3.2880.21","3.4320.1","3.4320.15","3.4320.18"]:["3.25920.2"]
3.8640.4:[[0,1,0,2,0,2,0,0,2,2,1,2,2,2,0,0],[2,0,1,0,1,2,1,1,0,0,1,0,2,0,2,1]]:["3.2160.16","3.2880.17","3.2880.18","3.4320.2","3.4320.12","3.4320.14"]:["3.17280.7","3.25920.1"]
3.8640.5:[[2,2,0,1,0,1,1,2,2,0,0,1,0,1,1,0]]:["3.2160.17","3.2880.19","3.2880.20","3.4320.3","3.4320.12","3.4320.16"]:["3.25920.2"]
3.8640.6:[[0,2,0,1,2,0,1,1,0,2,0,2,2,1,2,0]]:["3.2160.18","3.2880.20","3.2880.21","3.4320.1","3.4320.4","3.4320.19"]:["3.25920.2"]
3.8640.7:[[2,2,1,0,2,1,1,1,2,0,2,1,1,2,1,1],[0,0,0,2,0,2,2,1,0,1,0,1,1,2,1,1]]:["3.2160.20","3.2880.1","3.2880.2","3.2880.4","3.2880.8","3.4320.17"]:["3.17280.1","3.17280.5","3.25920.3"]
3.8640.8:[[1,1,1,2,0,0,2,1,1,0,0,2,1,1,0,2],[1,1,2,1,2,0,0,2,1,2,0,2,2,1,1,2]]:["3.2160.21","3.2880.1","3.2880.5","3.4320.13"]:["3.17280.4","3.17280.6","3.25920.3"]
3.8640.9:[[0,1,1,2,2,2,0,1,1,2,1,2,2,1,1,0],[0,1,0,1,0,2,0,0,1,1,1,2,1,1,0,0]]:["3.2160.22","3.2880.1","3.2880.6","3.4320.14"]:["3.17280.2","3.17280.7","3.25920.3"]
3.8640.10:[[2,2,2,1,0,0,1,2,2,0,0,1,2,2,0,1],[2,2,1,2,1,0,0,1,2,1,0,1,1,2,2,1]]:["3.2160.23","3.2880.2","3.2880.9","3.4320.13"]:["3.17280.6","3.17280.9","3.25920.3"]
3.8640.11:[[2,1,2,2,1,1,0,2,1,2,2,2,0,1,2,1],[0,2,1,2,1,1,0,2,0,2,1,0,1,2,1,1]]:["3.2160.24","3.2880.2","3.2880.10","3.4320.14"]:["3.17280.7","3.17280.8","3.25920.3"]
3.8640.12:[[1,1,2,1,2,0,0,2,1,2,0,2,2,1,1,2],[0,1,0,1,1,2,1,0,1,2,1,2,0,1,2,0]]:["3.2160.25","3.2880.13","3.2880.14","3.4320.4","3.4320.13","3.4320.18"]:["3.17280.4","3.17280.9","3.25920.1"]
3.8640.13:[[0,2,2,2,2,0,2,2,2,1,0,1,1,2,1,0],[2,2,2,2,2,1,1,2,2,1,2,1,2,2,1,1]]:["3.2160.26","3.2880.16","3.2880.17","3.4320.13","3.4320.15","3.4320.20"]:["3.17280.6","3.25920.1"]
3.8640.14:[[2,1,2,2,0,1,1,2,0,0,2,2,0,0,0,1],[1,1,2,0,1,2,2,2,1,0,1,2,2,1,2,2]]:["3.2880.1","3.2880.3","3.4320.5","3.4320.10","3.4320.17"]:["3.17280.1","3.25920.3"]
3.8640.15:[[1,2,1,1,0,2,2,1,0,0,1,1,0,0,0,2],[0,0,0,1,0,1,1,2,0,2,0,2,2,1,2,2]]:["3.2880.2","3.2880.7","3.4320.7","3.4320.10","3.4320.17"]:["3.17280.5","3.25920.3"]
3.8640.16:[[2,1,0,0,0,1,0,0,0,0,1,1,0,0,0,2],[0,2,0,1,0,2,0,0,2,0,1,1,1,2,0,0]]:["3.2880.3","3.2880.4","3.2880.5","3.2880.6","3.4320.11"]:["3.17280.2","3.17280.3","3.25920.3"]
3.8640.17:[[0,2,0,2,0,2,0,0,1,2,1,0,2,0,0,0],[1,1,0,0,0,2,0,0,1,0,2,1,0,2,0,1]]:["3.2880.7","3.2880.8","3.2880.9","3.2880.10","3.4320.11"]:["3.17280.3","3.17280.8","3.25920.3"]
3.8640.18:[[2,2,1,0,2,1,1,1,2,0,2,1,1,2,1,1],[1,2,1,1,2,1,1,1,2,2,0,1,2,2,1,0]]:["3.2880.11","3.2880.12","3.2880.13","3.2880.15","3.2880.17","3.4320.17"]:["3.17280.1","3.17280.5","3.25920.1"]
3.10368.1:[[0,2,1,0,2,1,2,1,0,1,2,1,1,0,1,0],[1,0,0,2,0,0,1,0,0,1,0,0,0,0,0,2]]:["3.5184.1"]:["3.51840.1"]
3.12960.1:[[0,2,1,0,1,2,1,1,2,1,2,1,0,2,2,1]]:["3.1440.13","3.4320.9","3.6480.2","3.6480.3","3.6480.4","3.6480.16","3.6480.20"]:[]
3.12960.2:[[1,1,2,2,2,1,0,0,1,2,1,2,1,1,0,0]]:["3.2592.1","3.6480.5","3.6480.12","3.6480.13","3.6480.17","3.6480.19","3.6480.20","3.6480.23"]:[]
3.12960.3:[[0,1,1,2,2,2,0,1,2,0,1,2,2,2,1,0],[0,2,2,2,2,0,2,2,2,1,0,1,1,2,1,0]]:["3.2592.2","3.4320.3","3.4320.4","3.4320.18","3.6480.2","3.6480.5","3.6480.6","3.6480.7","3.6480.14","3.6480.15","3.6480.22"]:["3.25920.1","3.25920.2"]
3.12960.4:[[2,1,2,0,2,0,2,2,1,2,0,2,0,1,1,1],[0,1,2,0,1,0,0,1,2,0,0,1,0,1,1,0]]:["3.4320.1","3.4320.19","3.6480.1","3.6480.4","3.6480.6","3.6480.12","3.6480.22"]:["3.25920.2"]
3.12960.5:[[1,1,2,1,2,0,0,2,1,2,0,2,2,1,1,2],[2,2,1,1,1,0,1,1,2,0,0,1,2,2,2,1]]:["3.4320.2","3.4320.20","3.6480.1","3.6480.3","3.6480.7","3.6480.13","3.6480.15","3.6480.18","3.6480.21"]:["3.25920.1"]
3.12960.6:[[2,0,0,0,2,0,2,0,1,2,0,0,0,1,1,1],[1,1,2,1,2,0,2,0,1,2,1,1,1,0,2,0]]:["3.4320.5","3.4320.7","3.6480.8","3.6480.9","3.6480.10"]:["3.25920.3"]
3.12960.7:[[0,2,0,2,0,0,0,1,1,2,1,0,0,0,1,1]]:["3.4320.6","3.4320.8","3.6480.8","3.6480.10","3.6480.11"]:[]
3.12960.8:[[2,0,0,0,2,0,2,0,1,2,0,0,0,1,1,1],[1,1,2,1,2,0,0,2,1,2,0,2,2,1,1,2]]:["3.4320.10","3.6480.9"]:["3.25920.3"]
3.12960.9:[[0,2,2,0,1,0,0,1,1,0,0,2,0,2,1,0],[1,1,2,1,2,0,0,2,1,2,0,2,2,1,1,2],[2,0,0,0,0,2,0,0,0,0,2,0,0,0,0,2]]:["3.4320.11","3.4320.13","3.4320.14","3.4320.17","3.6480.7","3.6480.9","3.6480.21"]:["3.25920.1","3.25920.3"]
3.12960.10:[[0,2,2,2,2,0,2,2,2,1,0,1,1,2,1,0],[2,2,1,0,1,1,0,2,2,0,1,2,0,1,1,2]]:["3.4320.12","3.4320.15","3.4320.16","3.6480.7","3.6480.22"]:["3.25920.1","3.25920.2"]
3.12960.11:[[1,2,1,0,1,0,1,1,2,1,0,1,0,2,2,2],[0,0,0,2,0,1,0,0,0,0,2,0,2,0,0,0]]:["3.6480.14","3.6480.16","3.6480.17","3.6480.18","3.6480.19","3.6480.21","3.6480.22"]:["3.25920.1"]
3.17280.1:[[1,1,2,0,1,2,2,2,1,0,1,2,2,1,2,2],[0,0,0,1,0,1,0,0,0,2,2,0,1,0,0,0]]:["3.5760.1","3.5760.2","3.5760.3","3.5760.6","3.5760.9","3.8640.7","3.8640.14","3.8640.18"]:["3.51840.1"]
3.17280.2:[[2,2,0,1,1,2,2,0,2,0,0,1,0,2,2,0],[0,0,2,1,1,1,1,2,2,2,2,0,0,2,2,0]]:["3.5760.1","3.5760.3","3.5760.4","3.8640.2","3.8640.9","3.8640.16"]:["3.51840.1"]
3.17280.3:[[0,2,0,2,0,2,0,0,1,2,1,0,2,0,0,0]]:["3.5760.2","3.5760.5","3.5760.7","3.5760.8","3.8640.1","3.8640.16","3.8640.17"]:["3.51840.1"]
3.17280.4:[[2,2,2,2,0,0,1,2,2,1,2,1,2,2,0,0],[2,0,1,0,2,2,1,1,0,0,1,0,1,0,1,1]]:["3.5760.3","3.5760.4","3.8640.8","3.8640.12"]:["3.51840.1"]
3.17280.5:[[1,1,2,1,1,0,2,2,1,2,0,2,0,1,2,2],[0,2,1,1,2,0,1,1,2,2,2,1,2,2,1,2]]:["3.5760.5","3.5760.6","3.5760.10","3.5760.11","3.5760.13","3.8640.7","3.8640.15","3.8640.18"]:["3.51840.1"]
3.17280.6:[[0,2,2,2,2,0,2,2,2,1,0,1,1,2,1,0],[0,1,1,1,0,2,2,1,1,2,0,2,1,1,0,2]]:["3.5760.6","3.5760.7","3.8640.8","3.8640.10","3.8640.13"]:["3.51840.1"]
3.17280.7:[[2,2,1,1,1,0,1,1,1,1,0,1,0,1,2,1],[1,2,2,0,2,0,2,2,1,1,2,1,0,1,1,1]]:["3.5760.6","3.5760.8","3.8640.4","3.8640.9","3.8640.11"]:["3.51840.1"]
3.17280.8:[[0,0,1,2,2,2,2,1,1,1,1,0,0,1,1,0],[2,2,0,1,1,2,2,0,2,0,0,1,0,2,2,0]]:["3.5760.10","3.5760.11","3.5760.12","3.8640.2","3.8640.11","3.8640.17"]:["3.51840.1"]
3.17280.9:[[1,0,2,0,1,1,2,2,0,0,2,0,2,0,2,2],[0,1,0,1,1,2,1,0,1,2,1,2,0,1,2,0]]:["3.5760.11","3.5760.12","3.8640.10","3.8640.12"]:["3.51840.1"]
3.25920.1:[[0,2,2,2,2,0,2,2,2,1,0,1,1,2,1,0],[2,0,0,0,0,2,0,0,0,0,2,0,0,0,0,2]]:["3.5184.1","3.8640.1","3.8640.2","3.8640.4","3.8640.12","3.8640.13","3.8640.18","3.12960.3","3.12960.5","3.12960.9","3.12960.10","3.12960.11"]:["3.51840.1"]
3.25920.2:[[0,2,1,0,2,0,0,2,1,0,0,2,0,2,2,0]]:["3.5184.2","3.8640.3","3.8640.5","3.8640.6","3.12960.3","3.12960.4","3.12960.10"]:[]
3.25920.3:[[0,2,2,0,1,0,0,1,1,0,0,2,0,2,1,0],[1,1,2,1,2,0,0,2,1,2,0,2,2,1,1,2]]:["3.8640.7","3.8640.8","3.8640.9","3.8640.10","3.8640.11","3.8640.14","3.8640.15","3.8640.16","3.8640.17","3.12960.6","3.12960.8","3.12960.9"]:["3.51840.1"]
3.51840.1:[[0,2,2,2,2,0,2,2,2,1,0,1,1,2,1,0]]:["3.10368.1","3.17280.1","3.17280.2","3.17280.3","3.17280.4","3.17280.5","3.17280.6","3.17280.7","3.17280.8","3.17280.9","3.25920.1","3.25920.3"]:[]
